0 0.906250 0.555347 0.906250 0.570356 0.903750 0.570356 0.902500 0.572233 0.900000 0.572233 0.900000 0.568480 0.896250 0.562852 0.896250 0.559099 0.897500 0.557223 0.897500 0.555347
0 0.917500 0.519700 0.917500 0.523452 0.916250 0.525328 0.916250 0.527205 0.915000 0.527205 0.915000 0.525328 0.916250 0.523452 0.916250 0.519700
0 0.878750 0.500938 0.878750 0.502814 0.880000 0.504690 0.880000 0.508443 0.882500 0.512195 0.883750 0.512195 0.885000 0.514071 0.885000 0.517824 0.886250 0.519700 0.887500 0.519700 0.888750 0.521576 0.890000 0.521576 0.895000 0.529081 0.895000 0.530957 0.898750 0.536585 0.900000 0.534709 0.907500 0.534709 0.907500 0.536585 0.908750 0.538462 0.911250 0.538462 0.911250 0.545966 0.912500 0.547842 0.918750 0.547842 0.920000 0.545966 0.920000 0.542214 0.922500 0.545966 0.922500 0.551595 0.923750 0.553471 0.923750 0.559099 0.926250 0.562852 0.926250 0.564728 0.927500 0.566604 0.928750 0.566604 0.930000 0.568480 0.931250 0.568480 0.933750 0.572233 0.936250 0.572233 0.937500 0.574109 0.940000 0.574109 0.940000 0.585366 0.946250 0.594747 0.946250 0.606004 0.947500 0.607880 0.948750 0.607880 0.951250 0.611632 0.951250 0.615385 0.952500 0.617261 0.952500 0.619137 0.953750 0.621013 0.953750 0.626642 0.955000 0.628518 0.958750 0.628518 0.960000 0.630394 0.962500 0.630394 0.963750 0.632270 0.963750 0.634146 0.965000 0.636023 0.965000 0.637899 0.966250 0.639775 0.968750 0.639775 0.970000 0.641651 0.971250 0.641651 0.973750 0.637899 0.976250 0.637899 0.977500 0.639775 0.977500 0.647280 0.978750 0.649156 0.982500 0.649156 0.986250 0.654784 0.996250 0.654784 0.996250 0.658537 0.995000 0.660413 0.985000 0.660413 0.983750 0.662289 0.983750 0.667917 0.982500 0.669794 0.982500 0.673546 0.981250 0.675422 0.981250 0.679174 0.980000 0.681051 0.980000 0.682927 0.978750 0.684803 0.961250 0.684803 0.957500 0.679174 0.957500 0.677298 0.955000 0.673546 0.955000 0.671670 0.952500 0.667917 0.952500 0.666041 0.950000 0.662289 0.950000 0.660413 0.948750 0.658537 0.948750 0.647280 0.950000 0.645403 0.950000 0.636023 0.951250 0.634146 0.950000 0.632270 0.950000 0.628518 0.948750 0.626642 0.948750 0.622889 0.947500 0.621013 0.947500 0.617261 0.946250 0.615385 0.942500 0.615385 0.941250 0.613508 0.938750 0.613508 0.937500 0.611632 0.935000 0.611632 0.933750 0.609756 0.933750 0.598499 0.936250 0.594747 0.935000 0.592871 0.935000 0.587242 0.933750 0.585366 0.933750 0.579737 0.931250 0.575985 0.931250 0.574109 0.930000 0.572233 0.928750 0.572233 0.921250 0.560976 0.921250 0.559099 0.917500 0.553471 0.916250 0.553471 0.915000 0.555347 0.912500 0.555347 0.911250 0.557223 0.911250 0.553471 0.910000 0.551595 0.910000 0.544090 0.907500 0.540338 0.902500 0.540338 0.901250 0.542214 0.898750 0.542214 0.896250 0.538462 0.896250 0.536585 0.890000 0.527205 0.888750 0.527205 0.887500 0.525328 0.886250 0.525328 0.886250 0.521576 0.883750 0.517824 0.883750 0.515947 0.881250 0.512195 0.877500 0.512195 0.877500 0.510319 0.876250 0.508443 0.876250 0.500938
0 0.908750 0.480300 0.908750 0.484053 0.906250 0.484053 0.903750 0.480300 0.900000 0.480300
0 0.845000 0.435272 0.843750 0.435272 0.842500 0.437148 0.837500 0.437148 0.835000 0.440901 0.836250 0.442777 0.837500 0.442777 0.837500 0.448405 0.838750 0.450281 0.838750 0.455910 0.840000 0.457786 0.840000 0.461538 0.841250 0.463415 0.842500 0.463415 0.843750 0.461538 0.845000 0.461538 0.846250 0.459662 0.845000 0.457786 0.850000 0.457786 0.850000 0.463415 0.851250 0.465291 0.852500 0.465291 0.856250 0.470919 0.856250 0.476548 0.858750 0.480300 0.858750 0.482176 0.871250 0.500938 0.868750 0.500938 0.867500 0.499062 0.867500 0.497186 0.866250 0.495310 0.865000 0.495310 0.863750 0.493433 0.862500 0.493433 0.860000 0.489681 0.858750 0.489681 0.857500 0.487805 0.851250 0.487805 0.850000 0.489681 0.851250 0.487805 0.851250 0.474672 0.850000 0.472795 0.848750 0.472795 0.847500 0.470919 0.846250 0.470919 0.845000 0.469043 0.843750 0.469043 0.842500 0.470919 0.841250 0.470919 0.840000 0.472795 0.840000 0.465291 0.835000 0.457786 0.832500 0.457786 0.830000 0.454034 0.830000 0.444653 0.833750 0.444653 0.835000 0.442777 0.835000 0.437148 0.836250 0.435272
0 0.888750 0.424015 0.888750 0.431520 0.892500 0.437148 0.892500 0.439024 0.893750 0.440901 0.893750 0.442777 0.896250 0.446529 0.903750 0.446529 0.905000 0.444653 0.920000 0.444653 0.918750 0.446529 0.917500 0.446529 0.916250 0.448405 0.903750 0.448405 0.902500 0.450281 0.898750 0.450281 0.897500 0.452158 0.896250 0.450281 0.895000 0.450281 0.893750 0.448405 0.892500 0.448405 0.891250 0.450281 0.891250 0.455910 0.890000 0.457786 0.888750 0.457786 0.887500 0.459662 0.878750 0.459662 0.878750 0.457786 0.886250 0.457786 0.887500 0.455910 0.886250 0.454034 0.886250 0.452158 0.885000 0.450281 0.885000 0.448405 0.876250 0.435272 0.875000 0.435272 0.873750 0.433396 0.878750 0.433396 0.880000 0.431520 0.878750 0.429644 0.873750 0.429644 0.872500 0.427767 0.865000 0.427767 0.863750 0.425891 0.862500 0.425891 0.862500 0.424015 0.867500 0.424015 0.868750 0.425891 0.877500 0.425891 0.878750 0.424015
0 0.722500 0.422139 0.723750 0.424015 0.727500 0.424015 0.728750 0.425891 0.732500 0.425891 0.733750 0.427767 0.737500 0.427767 0.738750 0.429644 0.727500 0.429644 0.725000 0.425891 0.718750 0.425891 0.717500 0.424015 0.712500 0.424015 0.711250 0.422139 0.710000 0.422139
0 0.793750 0.409006 0.796250 0.412758 0.798750 0.412758 0.797500 0.414634 0.795000 0.414634 0.792500 0.410882 0.792500 0.409006
0 0.816250 0.395872 0.818750 0.399625 0.818750 0.403377 0.816250 0.403377 0.815000 0.405253 0.815000 0.407129 0.810000 0.407129 0.807500 0.403377 0.807500 0.401501 0.808750 0.399625 0.810000 0.399625 0.812500 0.395872
0 0.787500 0.382739 0.787500 0.392120 0.786250 0.393996 0.787500 0.395872 0.787500 0.397749 0.786250 0.399625 0.785000 0.399625 0.782500 0.395872 0.782500 0.388368 0.786250 0.382739
0 0.961250 0.377111 0.962500 0.378987 0.965000 0.378987 0.975000 0.393996 0.973750 0.395872 0.972500 0.395872 0.970000 0.399625 0.968750 0.399625 0.962500 0.409006 0.962500 0.412758 0.961250 0.414634 0.961250 0.416510 0.960000 0.418386 0.960000 0.420263 0.952500 0.420263 0.947500 0.412758 0.947500 0.409006 0.946250 0.407129 0.946250 0.390244 0.950000 0.384615 0.951250 0.384615 0.956250 0.377111
0 0.850000 0.345216 0.855000 0.352720 0.876250 0.352720 0.877500 0.354597 0.881250 0.354597 0.882500 0.356473 0.886250 0.356473 0.887500 0.358349 0.887500 0.365854 0.882500 0.373358 0.881250 0.371482 0.880000 0.371482 0.878750 0.369606 0.876250 0.369606 0.875000 0.367730 0.872500 0.367730 0.871250 0.369606 0.871250 0.386492 0.866250 0.393996 0.853750 0.393996 0.847500 0.384615 0.847500 0.382739 0.845000 0.378987 0.845000 0.377111 0.842500 0.373358 0.842500 0.371482 0.836250 0.362101 0.830000 0.362101 0.828750 0.363977 0.828750 0.371482 0.830000 0.373358 0.830000 0.382739 0.827500 0.386492 0.827500 0.384615 0.820000 0.373358 0.820000 0.371482 0.818750 0.369606 0.817500 0.369606 0.816250 0.367730 0.815000 0.367730 0.813750 0.365854 0.812500 0.365854 0.811250 0.363977 0.810000 0.365854 0.810000 0.369606 0.808750 0.371482 0.808750 0.377111 0.810000 0.378987 0.812500 0.378987 0.813750 0.377111 0.818750 0.377111 0.818750 0.378987 0.820000 0.380863 0.820000 0.382739 0.813750 0.382739 0.812500 0.384615 0.811250 0.384615 0.810000 0.386492 0.808750 0.386492 0.807500 0.388368 0.803750 0.388368 0.802500 0.390244 0.805000 0.393996 0.805000 0.399625 0.803750 0.401501 0.803750 0.403377 0.802500 0.403377 0.802500 0.401501 0.801250 0.399625 0.801250 0.397749 0.802500 0.397749 0.803750 0.395872 0.803750 0.392120 0.801250 0.388368 0.798750 0.388368 0.798750 0.386492 0.800000 0.384615 0.800000 0.382739 0.802500 0.378987 0.800000 0.375235 0.793750 0.375235 0.793750 0.371482 0.795000 0.369606 0.795000 0.367730 0.796250 0.365854 0.796250 0.363977 0.806250 0.348968 0.810000 0.348968 0.811250 0.347092 0.820000 0.347092 0.821250 0.348968 0.825000 0.348968 0.826250 0.350844 0.843750 0.350844 0.847500 0.345216
0 0.741250 0.324578 0.743750 0.328330 0.743750 0.330206 0.746250 0.333959 0.746250 0.345216 0.747500 0.347092 0.752500 0.347092 0.756250 0.352720 0.756250 0.354597 0.757500 0.356473 0.758750 0.356473 0.762500 0.362101 0.762500 0.367730 0.761250 0.369606 0.762500 0.371482 0.763750 0.371482 0.766250 0.375235 0.767500 0.375235 0.771250 0.380863 0.771250 0.382739 0.766250 0.382739 0.762500 0.377111 0.760000 0.377111 0.758750 0.375235 0.757500 0.375235 0.755000 0.371482 0.755000 0.369606 0.751250 0.363977 0.751250 0.362101 0.750000 0.360225 0.750000 0.358349 0.748750 0.356473 0.748750 0.354597 0.742500 0.345216 0.742500 0.337711 0.741250 0.335835 0.741250 0.332083 0.738750 0.328330 0.738750 0.324578
0 0.711250 0.288931 0.711250 0.292683 0.710000 0.294559 0.710000 0.296435 0.708750 0.298311 0.708750 0.302064 0.707500 0.303940 0.708750 0.305816 0.713750 0.305816 0.716250 0.309568 0.716250 0.311445 0.717500 0.313321 0.717500 0.315197 0.718750 0.317073 0.718750 0.318949 0.720000 0.320826 0.720000 0.326454 0.717500 0.326454 0.716250 0.324578 0.715000 0.324578 0.711250 0.318949 0.711250 0.317073 0.710000 0.315197 0.707500 0.315197 0.706250 0.313321 0.705000 0.313321 0.703750 0.311445 0.702500 0.311445 0.702500 0.292683 0.703750 0.290807 0.705000 0.290807 0.706250 0.288931
0 0.558750 0.230769 0.556250 0.234522 0.555000 0.234522 0.553750 0.232645 0.552500 0.232645 0.551250 0.230769 0.550000 0.230769
0 0.192500 0.129456 0.191250 0.131332 0.191250 0.135084 0.192500 0.136961 0.192500 0.140713 0.190000 0.144465 0.188750 0.144465 0.186250 0.148218 0.183750 0.144465 0.181250 0.144465 0.180000 0.146341 0.180000 0.148218 0.168750 0.148218 0.171250 0.148218 0.175000 0.142589 0.188750 0.142589 0.191250 0.138837 0.190000 0.136961 0.190000 0.129456
0 0.342500 0.110694 0.342500 0.118199 0.337500 0.118199 0.336250 0.116323 0.340000 0.110694
0 0.255000 0.106942 0.256250 0.108818 0.265000 0.108818 0.266250 0.110694 0.267500 0.110694 0.270000 0.114447 0.276250 0.114447 0.277500 0.116323 0.292500 0.116323 0.293750 0.118199 0.285000 0.118199 0.283750 0.120075 0.281250 0.120075 0.280000 0.118199 0.277500 0.118199 0.276250 0.120075 0.273750 0.120075 0.271250 0.116323 0.268750 0.116323 0.267500 0.114447 0.266250 0.114447 0.263750 0.110694 0.253750 0.110694 0.252500 0.108818 0.251250 0.108818 0.251250 0.106942
0 0.192500 0.101313 0.192500 0.106942 0.193750 0.108818 0.195000 0.108818 0.196250 0.110694 0.197500 0.110694 0.192500 0.110694 0.190000 0.106942 0.187500 0.106942 0.186250 0.105066 0.183750 0.105066 0.182500 0.106942 0.182500 0.110694 0.181250 0.110694 0.181250 0.106942 0.178750 0.103189 0.186250 0.103189 0.187500 0.101313
0 0.212500 0.101313 0.212500 0.106942 0.211250 0.108818 0.211250 0.110694 0.210000 0.112570 0.206250 0.112570 0.205000 0.114447 0.205000 0.118199 0.203750 0.118199 0.203750 0.114447 0.205000 0.112570 0.205000 0.108818 0.206250 0.106942 0.207500 0.106942 0.208750 0.105066 0.208750 0.101313
0 0.287500 0.082552 0.288750 0.084428 0.290000 0.084428 0.291250 0.086304 0.292500 0.086304 0.293750 0.088180 0.295000 0.088180 0.296250 0.090056 0.297500 0.090056 0.300000 0.093809 0.306250 0.093809 0.305000 0.095685 0.295000 0.095685 0.291250 0.090056 0.290000 0.091932 0.288750 0.091932 0.287500 0.090056 0.282500 0.090056 0.281250 0.091932 0.280000 0.091932 0.280000 0.090056 0.281250 0.090056 0.282500 0.088180 0.285000 0.088180 0.286250 0.086304 0.285000 0.084428 0.283750 0.084428 0.282500 0.082552
0 0.445000 0.071295 0.447500 0.075047 0.447500 0.076923 0.448750 0.078799 0.451250 0.078799 0.452500 0.080675 0.456250 0.080675 0.457500 0.082552 0.465000 0.082552 0.466250 0.084428 0.466250 0.086304 0.458750 0.086304 0.457500 0.084428 0.451250 0.084428 0.446250 0.076923 0.443750 0.076923 0.442500 0.078799 0.442500 0.084428 0.441250 0.086304 0.440000 0.086304 0.438750 0.088180 0.437500 0.088180 0.436250 0.090056 0.432500 0.090056 0.433750 0.088180 0.437500 0.088180 0.438750 0.086304 0.438750 0.082552 0.440000 0.080675 0.440000 0.076923 0.441250 0.075047 0.441250 0.071295
0 0.466250 0.033771 0.467500 0.035647 0.467500 0.045028 0.466250 0.045028 0.465000 0.043152 0.463750 0.043152 0.462500 0.045028 0.465000 0.048780 0.467500 0.048780 0.462500 0.048780 0.460000 0.045028 0.458750 0.045028 0.456250 0.041276 0.455000 0.041276 0.455000 0.039400 0.457500 0.039400 0.456250 0.041276 0.457500 0.043152 0.460000 0.043152 0.461250 0.041276 0.465000 0.041276 0.466250 0.039400
0 0.606250 0.031895 0.606250 0.033771 0.608750 0.037523 0.608750 0.045028 0.607500 0.046904 0.607500 0.054409 0.603750 0.060038 0.602500 0.060038 0.595000 0.071295 0.592500 0.071295 0.591250 0.073171 0.591250 0.088180 0.595000 0.093809 0.595000 0.095685 0.596250 0.097561 0.596250 0.105066 0.595000 0.105066 0.593750 0.103189 0.593750 0.101313 0.591250 0.097561 0.591250 0.091932 0.590000 0.090056 0.587500 0.090056 0.585000 0.086304 0.582500 0.090056 0.582500 0.091932 0.581250 0.093809 0.582500 0.095685 0.582500 0.110694 0.581250 0.112570 0.578750 0.112570 0.575000 0.118199 0.573750 0.118199 0.572500 0.116323 0.572500 0.114447 0.573750 0.114447 0.575000 0.112570 0.575000 0.110694 0.573750 0.108818 0.568750 0.108818 0.567500 0.110694 0.561250 0.110694 0.560000 0.112570 0.555000 0.112570 0.553750 0.114447 0.550000 0.114447 0.546250 0.120075 0.545000 0.120075 0.543750 0.121951 0.542500 0.121951 0.541250 0.123827 0.536250 0.123827 0.535000 0.125704 0.533750 0.125704 0.531250 0.129456 0.528750 0.129456 0.527500 0.131332 0.525000 0.131332 0.523750 0.133208 0.522500 0.133208 0.521250 0.135084 0.511250 0.135084 0.510000 0.136961 0.508750 0.136961 0.507500 0.138837 0.506250 0.136961 0.505000 0.136961 0.503750 0.135084 0.495000 0.135084 0.497500 0.135084 0.498750 0.133208 0.497500 0.131332 0.493750 0.131332 0.491250 0.135084 0.491250 0.138837 0.490000 0.140713 0.488750 0.140713 0.487500 0.142589 0.493750 0.151970 0.496250 0.151970 0.497500 0.153846 0.500000 0.153846 0.502500 0.157598 0.502500 0.159475 0.503750 0.161351 0.506250 0.161351 0.507500 0.163227 0.508750 0.163227 0.515000 0.172608 0.512500 0.172608 0.510000 0.176360 0.510000 0.178236 0.508750 0.180113 0.510000 0.181989 0.511250 0.181989 0.512500 0.183865 0.515000 0.183865 0.518750 0.178236 0.535000 0.178236 0.536250 0.180113 0.537500 0.178236 0.545000 0.178236 0.546250 0.180113 0.547500 0.180113 0.548750 0.181989 0.560000 0.181989 0.561250 0.180113 0.563750 0.180113 0.563750 0.181989 0.560000 0.187617 0.557500 0.187617 0.556250 0.189493 0.552500 0.189493 0.551250 0.191370 0.548750 0.191370 0.547500 0.193246 0.545000 0.193246 0.543750 0.195122 0.541250 0.195122 0.540000 0.196998 0.537500 0.196998 0.536250 0.198874 0.533750 0.198874 0.530000 0.204503 0.527500 0.204503 0.526250 0.206379 0.526250 0.208255 0.525000 0.210131 0.526250 0.212008 0.526250 0.215760 0.525000 0.217636 0.527500 0.221388 0.528750 0.219512 0.532500 0.219512 0.533750 0.221388 0.535000 0.221388 0.535000 0.227017 0.536250 0.228893 0.547500 0.228893 0.532500 0.228893 0.531250 0.230769 0.530000 0.230769 0.528750 0.232645 0.528750 0.238274 0.527500 0.240150 0.528750 0.242026 0.531250 0.242026 0.531250 0.243902 0.532500 0.245779 0.537500 0.245779 0.540000 0.249531 0.540000 0.251407 0.542500 0.255159 0.542500 0.257036 0.543750 0.258912 0.545000 0.258912 0.547500 0.262664 0.548750 0.262664 0.550000 0.264540 0.551250 0.264540 0.553750 0.268293 0.555000 0.268293 0.556250 0.270169 0.557500 0.270169 0.560000 0.273921 0.562500 0.273921 0.563750 0.275797 0.565000 0.275797 0.566250 0.277674 0.567500 0.277674 0.568750 0.279550 0.570000 0.279550 0.568750 0.281426 0.563750 0.281426 0.562500 0.283302 0.562500 0.285178 0.563750 0.287054 0.565000 0.287054 0.566250 0.288931 0.567500 0.288931 0.568750 0.290807 0.571250 0.290807 0.571250 0.292683 0.567500 0.292683 0.565000 0.296435 0.565000 0.298311 0.563750 0.300188 0.563750 0.302064 0.565000 0.303940 0.566250 0.303940 0.568750 0.307692 0.570000 0.307692 0.571250 0.309568 0.572500 0.309568 0.573750 0.311445 0.576250 0.311445 0.577500 0.313321 0.580000 0.313321 0.581250 0.315197 0.581250 0.317073 0.583750 0.320826 0.582500 0.322702 0.581250 0.322702 0.576250 0.315197 0.572500 0.315197 0.568750 0.320826 0.571250 0.324578 0.571250 0.326454 0.572500 0.328330 0.573750 0.328330 0.581250 0.339587 0.583750 0.339587 0.585000 0.341463 0.586250 0.341463 0.587500 0.343340 0.590000 0.343340 0.591250 0.345216 0.592500 0.345216 0.593750 0.347092 0.595000 0.347092 0.596250 0.348968 0.601250 0.348968 0.602500 0.350844 0.607500 0.350844 0.608750 0.352720 0.611250 0.352720 0.612500 0.354597 0.613750 0.354597 0.615000 0.356473 0.616250 0.356473 0.617500 0.358349 0.618750 0.358349 0.620000 0.360225 0.621250 0.360225 0.622500 0.362101 0.632500 0.362101 0.633750 0.363977 0.635000 0.363977 0.637500 0.367730 0.638750 0.367730 0.641250 0.371482 0.645000 0.371482 0.646250 0.373358 0.650000 0.373358 0.651250 0.375235 0.653750 0.375235 0.655000 0.377111 0.658750 0.377111 0.660000 0.378987 0.663750 0.378987 0.665000 0.380863 0.667500 0.380863 0.668750 0.382739 0.671250 0.382739 0.672500 0.384615 0.673750 0.384615 0.675000 0.386492 0.677500 0.386492 0.678750 0.388368 0.681250 0.388368 0.682500 0.390244 0.685000 0.390244 0.686250 0.392120 0.688750 0.392120 0.690000 0.393996 0.691250 0.393996 0.692500 0.395872 0.693750 0.395872 0.695000 0.397749 0.696250 0.397749 0.697500 0.399625 0.698750 0.399625 0.700000 0.401501 0.700000 0.403377 0.698750 0.405253 0.698750 0.407129 0.697500 0.409006 0.697500 0.410882 0.695000 0.414634 0.692500 0.410882 0.691250 0.410882 0.690000 0.409006 0.670000 0.409006 0.668750 0.407129 0.667500 0.407129 0.666250 0.405253 0.665000 0.405253 0.663750 0.403377 0.662500 0.403377 0.661250 0.401501 0.660000 0.401501 0.658750 0.399625 0.657500 0.399625 0.650000 0.388368 0.646250 0.388368 0.645000 0.386492 0.642500 0.386492 0.641250 0.384615 0.631250 0.384615 0.630000 0.386492 0.630000 0.392120 0.631250 0.393996 0.632500 0.393996 0.633750 0.395872 0.635000 0.395872 0.636250 0.397749 0.637500 0.397749 0.638750 0.399625 0.640000 0.399625 0.642500 0.403377 0.646250 0.403377 0.647500 0.405253 0.648750 0.405253 0.651250 0.409006 0.652500 0.409006 0.655000 0.412758 0.657500 0.412758 0.658750 0.414634 0.660000 0.414634 0.661250 0.416510 0.662500 0.416510 0.663750 0.418386 0.665000 0.418386 0.667500 0.422139 0.668750 0.422139 0.671250 0.425891 0.672500 0.425891 0.675000 0.429644 0.676250 0.429644 0.678750 0.433396 0.681250 0.433396 0.682500 0.431520 0.688750 0.431520 0.685000 0.437148 0.685000 0.446529 0.686250 0.448405 0.687500 0.448405 0.690000 0.452158 0.691250 0.452158 0.695000 0.457786 0.695000 0.459662 0.697500 0.463415 0.697500 0.465291 0.698750 0.467167 0.700000 0.467167 0.702500 0.470919 0.703750 0.470919 0.715000 0.487805 0.715000 0.489681 0.716250 0.491557 0.721250 0.491557 0.722500 0.493433 0.727500 0.493433 0.728750 0.495310 0.732500 0.495310 0.733750 0.497186 0.746250 0.497186 0.747500 0.499062 0.751250 0.499062 0.752500 0.500938 0.755000 0.500938 0.756250 0.502814 0.757500 0.502814 0.758750 0.504690 0.760000 0.504690 0.761250 0.506567 0.762500 0.506567 0.763750 0.508443 0.766250 0.508443 0.767500 0.510319 0.770000 0.510319 0.771250 0.512195 0.772500 0.512195 0.773750 0.514071 0.776250 0.514071 0.777500 0.515947 0.778750 0.515947 0.780000 0.517824 0.781250 0.517824 0.782500 0.519700 0.787500 0.519700 0.788750 0.521576 0.793750 0.521576 0.795000 0.523452 0.802500 0.523452 0.803750 0.525328 0.810000 0.525328 0.811250 0.527205 0.817500 0.527205 0.818750 0.529081 0.820000 0.529081 0.826250 0.538462 0.825000 0.536585 0.823750 0.536585 0.822500 0.534709 0.820000 0.534709 0.818750 0.532833 0.816250 0.532833 0.815000 0.530957 0.808750 0.530957 0.807500 0.529081 0.802500 0.529081 0.801250 0.527205 0.796250 0.527205 0.795000 0.525328 0.788750 0.525328 0.787500 0.523452 0.781250 0.523452 0.780000 0.521576 0.778750 0.521576 0.777500 0.519700 0.776250 0.519700 0.775000 0.517824 0.773750 0.517824 0.772500 0.515947 0.771250 0.515947 0.770000 0.514071 0.767500 0.514071 0.766250 0.512195 0.763750 0.512195 0.762500 0.510319 0.760000 0.510319 0.758750 0.508443 0.755000 0.508443 0.753750 0.510319 0.751250 0.510319 0.750000 0.512195 0.752500 0.515947 0.752500 0.517824 0.753750 0.519700 0.756250 0.519700 0.757500 0.521576 0.760000 0.521576 0.761250 0.523452 0.763750 0.523452 0.765000 0.525328 0.767500 0.525328 0.768750 0.527205 0.768750 0.534709 0.770000 0.536585 0.775000 0.536585 0.775000 0.544090 0.776250 0.545966 0.776250 0.549719 0.777500 0.551595 0.777500 0.555347 0.778750 0.557223 0.783750 0.557223 0.785000 0.559099 0.788750 0.559099 0.790000 0.560976 0.792500 0.560976 0.793750 0.562852 0.793750 0.564728 0.795000 0.566604 0.795000 0.568480 0.796250 0.570356 0.800000 0.570356 0.801250 0.572233 0.803750 0.572233 0.805000 0.574109 0.805000 0.577861 0.807500 0.581613 0.807500 0.583490 0.808750 0.585366 0.808750 0.587242 0.810000 0.589118 0.810000 0.590994 0.811250 0.592871 0.812500 0.592871 0.813750 0.594747 0.815000 0.594747 0.816250 0.596623 0.817500 0.596623 0.818750 0.598499 0.820000 0.598499 0.821250 0.600375 0.816250 0.600375 0.815000 0.602251 0.817500 0.606004 0.817500 0.607880 0.820000 0.611632 0.820000 0.613508 0.821250 0.615385 0.822500 0.615385 0.823750 0.617261 0.825000 0.617261 0.827500 0.621013 0.828750 0.621013 0.830000 0.622889 0.831250 0.622889 0.832500 0.624765 0.832500 0.626642 0.830000 0.630394 0.831250 0.632270 0.832500 0.632270 0.835000 0.636023 0.836250 0.636023 0.841250 0.643527 0.841250 0.645403 0.842500 0.647280 0.848750 0.647280 0.850000 0.649156 0.855000 0.649156 0.857500 0.652908 0.857500 0.654784 0.858750 0.656660 0.858750 0.658537 0.860000 0.660413 0.861250 0.660413 0.863750 0.664165 0.863750 0.677298 0.865000 0.679174 0.877500 0.679174 0.883750 0.688555 0.885000 0.688555 0.887500 0.692308 0.888750 0.692308 0.891250 0.696060 0.892500 0.696060 0.893750 0.697936 0.895000 0.697936 0.896250 0.699812 0.897500 0.699812 0.898750 0.701689 0.900000 0.701689 0.901250 0.703565 0.902500 0.703565 0.903750 0.705441 0.905000 0.705441 0.906250 0.707317 0.907500 0.707317 0.907500 0.718574 0.908750 0.720450 0.910000 0.720450 0.911250 0.722326 0.912500 0.722326 0.913750 0.724203 0.915000 0.724203 0.916250 0.726079 0.916250 0.727955 0.917500 0.729831 0.917500 0.731707 0.918750 0.733584 0.918750 0.735460 0.920000 0.737336 0.920000 0.739212 0.921250 0.741088 0.922500 0.741088 0.923750 0.742964 0.925000 0.742964 0.926250 0.744841 0.927500 0.744841 0.927500 0.752345 0.928750 0.754221 0.930000 0.754221 0.935000 0.761726 0.936250 0.761726 0.945000 0.774859 0.945000 0.780488 0.946250 0.782364 0.947500 0.782364 0.948750 0.784240 0.950000 0.784240 0.951250 0.786116 0.952500 0.786116 0.953750 0.787992 0.955000 0.787992 0.956250 0.789869 0.957500 0.789869 0.958750 0.791745 0.960000 0.791745 0.962500 0.795497 0.965000 0.795497 0.966250 0.797373 0.968750 0.797373 0.970000 0.799250 0.972500 0.799250 0.973750 0.801126 0.976250 0.801126 0.977500 0.803002 0.980000 0.803002 0.981250 0.804878 0.981250 0.806754 0.982500 0.808630 0.982500 0.812383 0.986250 0.818011 0.986250 0.819887 0.988750 0.823640 0.988750 0.825516 0.990000 0.827392 0.990000 0.834897 0.988750 0.836773 0.988750 0.838649 0.987500 0.840525 0.988750 0.842402 0.988750 0.844278 0.990000 0.846154 0.990000 0.848030 0.991250 0.849906 0.992500 0.849906 0.993750 0.851782 0.995000 0.851782 0.997500 0.855535 0.998750 0.855535 1.000000 0.857411 1.000000 0.998124 0.001250 0.998124 0.001250 0.343340 0.002500 0.343340 0.003750 0.345216 0.005000 0.345216 0.006250 0.347092 0.007500 0.347092 0.008750 0.345216 0.008750 0.343340 0.010000 0.341463 0.010000 0.339587 0.011250 0.337711 0.011250 0.333959 0.012500 0.332083 0.012500 0.330206 0.013750 0.328330 0.013750 0.326454 0.015000 0.324578 0.013750 0.322702 0.013750 0.313321 0.012500 0.311445 0.012500 0.300188 0.013750 0.300188 0.015000 0.298311 0.016250 0.298311 0.017500 0.296435 0.020000 0.296435 0.021250 0.294559 0.022500 0.294559 0.023750 0.292683 0.025000 0.292683 0.026250 0.290807 0.028750 0.290807 0.031250 0.287054 0.032500 0.287054 0.035000 0.283302 0.036250 0.283302 0.038750 0.279550 0.040000 0.279550 0.041250 0.277674 0.056250 0.277674 0.057500 0.275797 0.061250 0.275797 0.062500 0.273921 0.067500 0.273921 0.073750 0.264540 0.073750 0.262664 0.075000 0.260788 0.075000 0.258912 0.076250 0.257036 0.076250 0.255159 0.078750 0.251407 0.086250 0.251407 0.087500 0.249531 0.087500 0.245779 0.088750 0.243902 0.088750 0.242026 0.090000 0.240150 0.086250 0.234522 0.086250 0.232645 0.090000 0.232645 0.091250 0.230769 0.103750 0.230769 0.105000 0.228893 0.107500 0.228893 0.108750 0.227017 0.111250 0.227017 0.112500 0.225141 0.113750 0.225141 0.115000 0.223265 0.117500 0.223265 0.118750 0.221388 0.120000 0.221388 0.121250 0.219512 0.123750 0.219512 0.125000 0.217636 0.125000 0.215760 0.128750 0.210131 0.140000 0.210131 0.141250 0.212008 0.142500 0.212008 0.146250 0.217636 0.147500 0.217636 0.162500 0.240150 0.180000 0.240150 0.181250 0.242026 0.181250 0.243902 0.183750 0.247655 0.183750 0.249531 0.185000 0.251407 0.185000 0.253283 0.186250 0.255159 0.187500 0.255159 0.196250 0.268293 0.197500 0.268293 0.200000 0.272045 0.201250 0.272045 0.203750 0.275797 0.205000 0.275797 0.207500 0.279550 0.208750 0.279550 0.211250 0.283302 0.212500 0.283302 0.225000 0.302064 0.227500 0.302064 0.228750 0.300188 0.230000 0.300188 0.231250 0.298311 0.232500 0.298311 0.233750 0.296435 0.235000 0.296435 0.236250 0.294559 0.237500 0.294559 0.238750 0.292683 0.241250 0.292683 0.242500 0.290807 0.243750 0.290807 0.245000 0.288931 0.246250 0.288931 0.247500 0.287054 0.248750 0.287054 0.250000 0.285178 0.251250 0.285178 0.252500 0.283302 0.255000 0.283302 0.256250 0.281426 0.256250 0.275797 0.257500 0.273921 0.257500 0.270169 0.258750 0.268293 0.258750 0.264540 0.260000 0.262664 0.260000 0.260788 0.261250 0.258912 0.266250 0.258912 0.267500 0.257036 0.270000 0.257036 0.271250 0.255159 0.271250 0.251407 0.278750 0.251407 0.282500 0.245779 0.291250 0.245779 0.293750 0.242026 0.302500 0.242026 0.303750 0.243902 0.305000 0.242026 0.305000 0.232645 0.306250 0.230769 0.306250 0.225141 0.307500 0.223265 0.306250 0.221388 0.306250 0.219512 0.303750 0.215760 0.301250 0.215760 0.300000 0.217636 0.298750 0.215760 0.297500 0.215760 0.296250 0.213884 0.295000 0.213884 0.293750 0.212008 0.286250 0.212008 0.286250 0.206379 0.287500 0.206379 0.288750 0.204503 0.297500 0.204503 0.302500 0.196998 0.303750 0.196998 0.306250 0.193246 0.307500 0.193246 0.308750 0.191370 0.308750 0.189493 0.311250 0.185741 0.310000 0.183865 0.303750 0.183865 0.302500 0.181989 0.293750 0.181989 0.292500 0.180113 0.278750 0.180113 0.271250 0.191370 0.270000 0.191370 0.268750 0.193246 0.268750 0.198874 0.265000 0.204503 0.263750 0.202627 0.262500 0.202627 0.261250 0.200750 0.257500 0.200750 0.255000 0.204503 0.253750 0.204503 0.251250 0.208255 0.250000 0.208255 0.248750 0.210131 0.247500 0.208255 0.246250 0.208255 0.245000 0.206379 0.243750 0.206379 0.242500 0.204503 0.241250 0.204503 0.240000 0.202627 0.238750 0.202627 0.237500 0.200750 0.236250 0.200750 0.231250 0.193246 0.231250 0.189493 0.233750 0.185741 0.263750 0.185741 0.266250 0.181989 0.267500 0.181989 0.270000 0.178236 0.271250 0.178236 0.272500 0.176360 0.273750 0.176360 0.275000 0.174484 0.277500 0.174484 0.280000 0.170732 0.281250 0.170732 0.282500 0.168856 0.283750 0.168856 0.285000 0.166979 0.286250 0.166979 0.287500 0.165103 0.293750 0.165103 0.295000 0.166979 0.296250 0.166979 0.298750 0.170732 0.300000 0.170732 0.301250 0.172608 0.302500 0.172608 0.305000 0.176360 0.311250 0.176360 0.312500 0.178236 0.325000 0.178236 0.326250 0.176360 0.326250 0.172608 0.327500 0.170732 0.328750 0.170732 0.330000 0.168856 0.330000 0.165103 0.330000 0.172608 0.331250 0.174484 0.331250 0.180113 0.330000 0.180113 0.328750 0.181989 0.327500 0.181989 0.326250 0.183865 0.326250 0.185741 0.325000 0.187617 0.325000 0.185741 0.322500 0.181989 0.318750 0.181989 0.317500 0.183865 0.318750 0.185741 0.320000 0.185741 0.321250 0.187617 0.321250 0.193246 0.320000 0.195122 0.320000 0.202627 0.317500 0.206379 0.318750 0.208255 0.320000 0.208255 0.321250 0.210131 0.322500 0.210131 0.327500 0.217636 0.327500 0.225141 0.326250 0.227017 0.326250 0.228893 0.325000 0.230769 0.322500 0.230769 0.321250 0.232645 0.322500 0.234522 0.323750 0.234522 0.325000 0.236398 0.328750 0.236398 0.330000 0.238274 0.332500 0.238274 0.333750 0.236398 0.336250 0.236398 0.337500 0.234522 0.342500 0.234522 0.345000 0.230769 0.348750 0.230769 0.351250 0.234522 0.356250 0.234522 0.357500 0.232645 0.363750 0.232645 0.363750 0.234522 0.365000 0.236398 0.367500 0.236398 0.368750 0.238274 0.367500 0.240150 0.366250 0.240150 0.365000 0.238274 0.362500 0.238274 0.361250 0.240150 0.356250 0.240150 0.355000 0.238274 0.353750 0.238274 0.352500 0.240150 0.352500 0.242026 0.351250 0.242026 0.350000 0.243902 0.348750 0.242026 0.340000 0.242026 0.338750 0.243902 0.337500 0.242026 0.333750 0.242026 0.332500 0.243902 0.332500 0.245779 0.331250 0.247655 0.327500 0.247655 0.326250 0.249531 0.317500 0.249531 0.316250 0.247655 0.313750 0.247655 0.312500 0.249531 0.312500 0.257036 0.311250 0.258912 0.312500 0.260788 0.313750 0.260788 0.315000 0.262664 0.315000 0.273921 0.313750 0.275797 0.315000 0.277674 0.316250 0.277674 0.317500 0.279550 0.318750 0.279550 0.320000 0.281426 0.326250 0.281426 0.327500 0.283302 0.332500 0.283302 0.333750 0.285178 0.338750 0.285178 0.340000 0.287054 0.341250 0.287054 0.342500 0.285178 0.343750 0.285178 0.346250 0.288931 0.346250 0.294559 0.347500 0.296435 0.350000 0.296435 0.356250 0.287054 0.361250 0.287054 0.362500 0.288931 0.365000 0.288931 0.366250 0.290807 0.366250 0.292683 0.367500 0.294559 0.370000 0.294559 0.371250 0.292683 0.375000 0.292683 0.376250 0.290807 0.376250 0.287054 0.377500 0.285178 0.377500 0.281426 0.380000 0.277674 0.381250 0.277674 0.382500 0.279550 0.382500 0.283302 0.380000 0.287054 0.380000 0.288931 0.377500 0.292683 0.377500 0.294559 0.375000 0.298311 0.370000 0.298311 0.368750 0.300188 0.367500 0.298311 0.363750 0.298311 0.362500 0.296435 0.360000 0.296435 0.358750 0.294559 0.357500 0.294559 0.352500 0.302064 0.348750 0.302064 0.347500 0.303940 0.345000 0.300188 0.337500 0.300188 0.336250 0.298311 0.336250 0.296435 0.335000 0.294559 0.330000 0.294559 0.328750 0.292683 0.326250 0.292683 0.325000 0.294559 0.326250 0.296435 0.327500 0.296435 0.328750 0.298311 0.330000 0.298311 0.332500 0.302064 0.333750 0.302064 0.337500 0.307692 0.338750 0.307692 0.342500 0.313321 0.343750 0.313321 0.345000 0.315197 0.342500 0.318949 0.343750 0.320826 0.350000 0.320826 0.351250 0.322702 0.352500 0.322702 0.353750 0.324578 0.355000 0.324578 0.356250 0.326454 0.357500 0.326454 0.358750 0.328330 0.360000 0.328330 0.361250 0.330206 0.365000 0.330206 0.366250 0.332083 0.370000 0.332083 0.371250 0.333959 0.373750 0.333959 0.380000 0.343340 0.380000 0.345216 0.381250 0.347092 0.390000 0.347092 0.392500 0.343340 0.396250 0.343340 0.397500 0.345216 0.413750 0.345216 0.415000 0.347092 0.416250 0.347092 0.417500 0.348968 0.418750 0.348968 0.421250 0.352720 0.420000 0.352720 0.418750 0.354597 0.416250 0.354597 0.415000 0.356473 0.412500 0.356473 0.411250 0.358349 0.412500 0.360225 0.416250 0.360225 0.417500 0.362101 0.421250 0.362101 0.422500 0.363977 0.422500 0.365854 0.423750 0.367730 0.423750 0.369606 0.425000 0.371482 0.425000 0.373358 0.426250 0.375235 0.426250 0.377111 0.427500 0.378987 0.427500 0.380863 0.428750 0.382739 0.428750 0.384615 0.430000 0.386492 0.432500 0.386492 0.432500 0.403377 0.431250 0.405253 0.432500 0.407129 0.432500 0.409006 0.433750 0.410882 0.433750 0.412758 0.435000 0.414634 0.446250 0.414634 0.447500 0.416510 0.450000 0.416510 0.451250 0.418386 0.453750 0.418386 0.455000 0.420263 0.456250 0.420263 0.460000 0.425891 0.461250 0.425891 0.466250 0.433396 0.466250 0.435272 0.467500 0.437148 0.467500 0.439024 0.468750 0.440901 0.468750 0.442777 0.471250 0.446529 0.472500 0.446529 0.473750 0.444653 0.475000 0.444653 0.476250 0.442777 0.468750 0.431520 0.468750 0.429644 0.467500 0.427767 0.467500 0.425891 0.466250 0.424015 0.466250 0.420263 0.465000 0.418386 0.463750 0.418386 0.457500 0.409006 0.455000 0.409006 0.453750 0.410882 0.446250 0.410882 0.442500 0.405253 0.442500 0.403377 0.443750 0.401501 0.443750 0.399625 0.446250 0.399625 0.447500 0.401501 0.448750 0.399625 0.448750 0.395872 0.450000 0.393996 0.450000 0.390244 0.451250 0.388368 0.451250 0.384615 0.452500 0.382739 0.451250 0.380863 0.451250 0.377111 0.450000 0.375235 0.450000 0.371482 0.448750 0.369606 0.447500 0.369606 0.441250 0.360225 0.433750 0.360225 0.432500 0.358349 0.431250 0.358349 0.430000 0.356473 0.428750 0.356473 0.427500 0.354597 0.427500 0.352720 0.426250 0.350844 0.426250 0.348968 0.425000 0.347092 0.425000 0.341463 0.426250 0.339587 0.426250 0.337711 0.427500 0.335835 0.427500 0.333959 0.428750 0.332083 0.427500 0.330206 0.427500 0.324578 0.428750 0.322702 0.428750 0.318949 0.432500 0.313321 0.435000 0.313321 0.436250 0.315197 0.433750 0.318949 0.435000 0.320826 0.435000 0.322702 0.436250 0.324578 0.436250 0.330206 0.432500 0.335835 0.431250 0.335835 0.430000 0.337711 0.430000 0.339587 0.428750 0.341463 0.427500 0.341463 0.426250 0.343340 0.432500 0.352720 0.432500 0.354597 0.433750 0.356473 0.445000 0.356473 0.451250 0.365854 0.452500 0.365854 0.453750 0.363977 0.450000 0.358349 0.450000 0.350844 0.451250 0.348968 0.450000 0.347092 0.450000 0.345216 0.448750 0.343340 0.448750 0.337711 0.452500 0.332083 0.452500 0.324578 0.453750 0.322702 0.456250 0.322702 0.457500 0.320826 0.461250 0.320826 0.462500 0.318949 0.463750 0.318949 0.465000 0.317073 0.467500 0.317073 0.468750 0.315197 0.471250 0.315197 0.472500 0.313321 0.473750 0.313321 0.475000 0.311445 0.482500 0.311445 0.483750 0.313321 0.487500 0.313321 0.488750 0.315197 0.491250 0.315197 0.492500 0.317073 0.496250 0.317073 0.497500 0.318949 0.501250 0.318949 0.502500 0.320826 0.505000 0.320826 0.506250 0.322702 0.507500 0.322702 0.508750 0.324578 0.512500 0.324578 0.515000 0.328330 0.515000 0.330206 0.516250 0.332083 0.516250 0.333959 0.511250 0.333959 0.510000 0.335835 0.508750 0.333959 0.507500 0.333959 0.506250 0.332083 0.505000 0.332083 0.503750 0.330206 0.502500 0.330206 0.501250 0.328330 0.498750 0.328330 0.497500 0.326454 0.495000 0.326454 0.493750 0.324578 0.482500 0.324578 0.481250 0.326454 0.485000 0.332083 0.485000 0.333959 0.486250 0.335835 0.500000 0.335835 0.500000 0.345216 0.501250 0.347092 0.501250 0.354597 0.502500 0.356473 0.505000 0.356473 0.506250 0.358349 0.507500 0.358349 0.508750 0.360225 0.517500 0.360225 0.518750 0.362101 0.521250 0.362101 0.522500 0.363977 0.525000 0.363977 0.526250 0.365854 0.528750 0.365854 0.530000 0.367730 0.531250 0.367730 0.532500 0.369606 0.533750 0.369606 0.535000 0.367730 0.536250 0.367730 0.537500 0.365854 0.538750 0.365854 0.540000 0.363977 0.538750 0.362101 0.538750 0.348968 0.537500 0.347092 0.537500 0.326454 0.536250 0.324578 0.536250 0.315197 0.537500 0.315197 0.538750 0.313321 0.540000 0.313321 0.541250 0.311445 0.543750 0.311445 0.545000 0.309568 0.543750 0.307692 0.543750 0.305816 0.542500 0.303940 0.542500 0.300188 0.541250 0.298311 0.538750 0.298311 0.537500 0.296435 0.535000 0.296435 0.533750 0.294559 0.532500 0.294559 0.531250 0.292683 0.530000 0.292683 0.527500 0.288931 0.526250 0.288931 0.525000 0.287054 0.523750 0.287054 0.521250 0.283302 0.518750 0.283302 0.517500 0.281426 0.516250 0.281426 0.515000 0.279550 0.513750 0.279550 0.512500 0.277674 0.496250 0.277674 0.495000 0.279550 0.493750 0.279550 0.492500 0.281426 0.491250 0.279550 0.488750 0.279550 0.488750 0.268293 0.490000 0.268293 0.491250 0.266417 0.495000 0.266417 0.496250 0.264540 0.496250 0.257036 0.495000 0.255159 0.493750 0.255159 0.492500 0.253283 0.491250 0.253283 0.490000 0.251407 0.481250 0.251407 0.480000 0.253283 0.477500 0.249531 0.472500 0.249531 0.471250 0.251407 0.471250 0.255159 0.472500 0.257036 0.472500 0.260788 0.473750 0.262664 0.473750 0.266417 0.472500 0.264540 0.471250 0.264540 0.470000 0.262664 0.468750 0.262664 0.463750 0.255159 0.458750 0.255159 0.457500 0.257036 0.455000 0.253283 0.453750 0.253283 0.445000 0.240150 0.443750 0.240150 0.440000 0.245779 0.440000 0.247655 0.436250 0.253283 0.435000 0.251407 0.428750 0.251407 0.427500 0.249531 0.408750 0.249531 0.407500 0.251407 0.407500 0.266417 0.408750 0.268293 0.413750 0.268293 0.413750 0.272045 0.412500 0.273921 0.400000 0.273921 0.398750 0.275797 0.400000 0.277674 0.400000 0.279550 0.401250 0.281426 0.401250 0.283302 0.402500 0.285178 0.402500 0.287054 0.403750 0.288931 0.403750 0.290807 0.405000 0.292683 0.408750 0.292683 0.410000 0.294559 0.412500 0.294559 0.413750 0.296435 0.418750 0.296435 0.418750 0.303940 0.417500 0.305816 0.415000 0.302064 0.413750 0.302064 0.412500 0.300188 0.411250 0.300188 0.410000 0.298311 0.406250 0.298311 0.405000 0.296435 0.402500 0.296435 0.401250 0.294559 0.400000 0.294559 0.396250 0.288931 0.395000 0.288931 0.391250 0.283302 0.391250 0.275797 0.392500 0.273921 0.395000 0.273921 0.396250 0.272045 0.398750 0.272045 0.400000 0.270169 0.402500 0.270169 0.403750 0.268293 0.402500 0.266417 0.402500 0.247655 0.403750 0.245779 0.403750 0.243902 0.405000 0.242026 0.405000 0.240150 0.406250 0.238274 0.405000 0.236398 0.405000 0.221388 0.406250 0.219512 0.406250 0.212008 0.407500 0.210131 0.407500 0.208255 0.410000 0.204503 0.410000 0.202627 0.412500 0.198874 0.413750 0.198874 0.415000 0.196998 0.416250 0.196998 0.417500 0.195122 0.418750 0.195122 0.423750 0.187617 0.423750 0.185741 0.425000 0.183865 0.425000 0.181989 0.426250 0.180113 0.426250 0.178236 0.428750 0.174484 0.430000 0.174484 0.431250 0.172608 0.433750 0.172608 0.435000 0.170732 0.435000 0.166979 0.436250 0.165103 0.435000 0.163227 0.433750 0.163227 0.432500 0.161351 0.432500 0.159475 0.431250 0.157598 0.431250 0.153846 0.430000 0.151970 0.430000 0.150094 0.428750 0.148218 0.428750 0.146341 0.426250 0.142589 0.426250 0.140713 0.425000 0.138837 0.425000 0.129456 0.427500 0.129456 0.428750 0.127580 0.428750 0.125704 0.430000 0.123827 0.430000 0.121951 0.431250 0.120075 0.430000 0.118199 0.430000 0.110694 0.433750 0.110694 0.435000 0.112570 0.436250 0.112570 0.437500 0.114447 0.440000 0.114447 0.441250 0.112570 0.443750 0.112570 0.445000 0.110694 0.446250 0.110694 0.447500 0.108818 0.448750 0.108818 0.450000 0.106942 0.451250 0.106942 0.452500 0.105066 0.465000 0.105066 0.466250 0.106942 0.467500 0.106942 0.471250 0.112570 0.491250 0.112570 0.493750 0.116323 0.493750 0.118199 0.495000 0.120075 0.495000 0.121951 0.496250 0.123827 0.502500 0.123827 0.502500 0.125704 0.503750 0.127580 0.515000 0.127580 0.516250 0.125704 0.517500 0.125704 0.518750 0.123827 0.527500 0.123827 0.531250 0.118199 0.533750 0.118199 0.535000 0.116323 0.540000 0.116323 0.543750 0.110694 0.545000 0.110694 0.546250 0.108818 0.547500 0.108818 0.548750 0.106942 0.551250 0.106942 0.553750 0.103189 0.555000 0.103189 0.556250 0.101313 0.557500 0.101313 0.558750 0.099437 0.562500 0.099437 0.566250 0.093809 0.571250 0.093809 0.573750 0.090056 0.575000 0.090056 0.576250 0.088180 0.576250 0.071295 0.577500 0.069418 0.577500 0.067542 0.581250 0.061914 0.583750 0.061914 0.585000 0.060038 0.587500 0.060038 0.590000 0.056285 0.592500 0.056285 0.596250 0.050657 0.596250 0.046904 0.597500 0.045028 0.597500 0.043152 0.600000 0.043152 0.601250 0.041276 0.603750 0.041276 0.605000 0.039400 0.605000 0.031895
0 0.747500 0.028143 0.747500 0.030019 0.746250 0.031895 0.742500 0.031895 0.742500 0.028143
0 0.367500 0.016886 0.366250 0.018762 0.366250 0.022514 0.363750 0.022514 0.366250 0.018762 0.366250 0.016886
0 0.337500 0.015009 0.338750 0.016886 0.337500 0.018762 0.336250 0.016886 0.335000 0.018762 0.335000 0.020638 0.333750 0.022514 0.335000 0.024390 0.335000 0.026266 0.333750 0.028143 0.333750 0.030019 0.332500 0.031895 0.331250 0.031895 0.330000 0.033771 0.331250 0.035647 0.331250 0.041276 0.335000 0.046904 0.335000 0.048780 0.331250 0.054409 0.328750 0.054409 0.327500 0.052533 0.328750 0.052533 0.330000 0.050657 0.328750 0.048780 0.322500 0.048780 0.321250 0.050657 0.321250 0.054409 0.318750 0.054409 0.317500 0.052533 0.317500 0.050657 0.316250 0.048780 0.311250 0.048780 0.310000 0.050657 0.310000 0.046904 0.308750 0.045028 0.307500 0.045028 0.311250 0.045028 0.312500 0.046904 0.313750 0.046904 0.315000 0.048780 0.318750 0.048780 0.321250 0.045028 0.323750 0.045028 0.325000 0.046904 0.330000 0.046904 0.331250 0.045028 0.331250 0.041276 0.330000 0.039400 0.330000 0.028143 0.332500 0.024390 0.332500 0.016886 0.333750 0.015009
0 0.205000 0.013133 0.206250 0.015009 0.207500 0.015009 0.210000 0.018762 0.210000 0.024390 0.211250 0.026266 0.213750 0.026266 0.215000 0.028143 0.218750 0.028143 0.222500 0.033771 0.222500 0.035647 0.223750 0.037523 0.228750 0.037523 0.235000 0.046904 0.243750 0.046904 0.245000 0.048780 0.253750 0.048780 0.258750 0.041276 0.258750 0.031895 0.257500 0.030019 0.253750 0.030019 0.252500 0.031895 0.253750 0.030019 0.253750 0.026266 0.255000 0.024390 0.255000 0.020638 0.256250 0.018762 0.256250 0.015009 0.257500 0.015009 0.261250 0.020638 0.261250 0.022514 0.262500 0.024390 0.268750 0.024390 0.270000 0.026266 0.277500 0.026266 0.278750 0.024390 0.283750 0.024390 0.285000 0.026266 0.287500 0.026266 0.288750 0.028143 0.291250 0.028143 0.292500 0.030019 0.303750 0.030019 0.302500 0.031895 0.297500 0.031895 0.296250 0.033771 0.295000 0.031895 0.291250 0.031895 0.290000 0.030019 0.281250 0.030019 0.280000 0.031895 0.271250 0.031895 0.270000 0.030019 0.265000 0.030019 0.263750 0.031895 0.262500 0.031895 0.261250 0.033771 0.263750 0.037523 0.263750 0.039400 0.265000 0.041276 0.266250 0.041276 0.267500 0.043152 0.268750 0.043152 0.270000 0.045028 0.270000 0.052533 0.268750 0.052533 0.267500 0.054409 0.266250 0.054409 0.263750 0.058161 0.262500 0.058161 0.261250 0.060038 0.261250 0.054409 0.260000 0.052533 0.252500 0.052533 0.250000 0.056285 0.250000 0.058161 0.247500 0.061914 0.248750 0.063790 0.248750 0.069418 0.246250 0.069418 0.245000 0.067542 0.245000 0.065666 0.243750 0.063790 0.241250 0.067542 0.241250 0.061914 0.235000 0.052533 0.233750 0.052533 0.232500 0.050657 0.231250 0.050657 0.230000 0.048780 0.227500 0.048780 0.226250 0.050657 0.228750 0.054409 0.228750 0.056285 0.227500 0.058161 0.215000 0.039400 0.213750 0.039400 0.211250 0.035647 0.210000 0.035647 0.207500 0.031895 0.203750 0.031895 0.201250 0.028143 0.201250 0.016886 0.202500 0.015009 0.202500 0.013133
0 0.105000 0.001876 0.108750 0.007505 0.110000 0.005629 0.110000 0.003752 0.118750 0.003752 0.125000 0.013133 0.135000 0.013133 0.138750 0.018762 0.143750 0.018762 0.145000 0.016886 0.152500 0.016886 0.155000 0.020638 0.158750 0.020638 0.160000 0.022514 0.163750 0.022514 0.165000 0.024390 0.167500 0.024390 0.168750 0.026266 0.170000 0.026266 0.172500 0.030019 0.173750 0.028143 0.173750 0.020638 0.175000 0.020638 0.176250 0.018762 0.180000 0.018762 0.180000 0.020638 0.178750 0.022514 0.178750 0.024390 0.177500 0.026266 0.182500 0.033771 0.193750 0.033771 0.195000 0.035647 0.196250 0.035647 0.197500 0.037523 0.198750 0.037523 0.201250 0.041276 0.201250 0.048780 0.202500 0.050657 0.202500 0.060038 0.200000 0.060038 0.198750 0.061914 0.198750 0.071295 0.198750 0.069418 0.191250 0.058161 0.188750 0.058161 0.187500 0.056285 0.185000 0.056285 0.183750 0.054409 0.182500 0.054409 0.181250 0.052533 0.180000 0.052533 0.175000 0.045028 0.171250 0.045028 0.168750 0.041276 0.168750 0.039400 0.166250 0.035647 0.166250 0.033771 0.165000 0.031895 0.163750 0.031895 0.162500 0.030019 0.161250 0.030019 0.158750 0.026266 0.145000 0.026266 0.143750 0.024390 0.137500 0.024390 0.136250 0.026266 0.135000 0.026266 0.133750 0.028143 0.132500 0.028143 0.131250 0.030019 0.131250 0.037523 0.136250 0.045028 0.137500 0.045028 0.138750 0.043152 0.140000 0.043152 0.141250 0.041276 0.146250 0.041276 0.147500 0.043152 0.148750 0.043152 0.148750 0.045028 0.147500 0.046904 0.146250 0.046904 0.145000 0.045028 0.142500 0.045028 0.141250 0.046904 0.140000 0.046904 0.138750 0.048780 0.138750 0.052533 0.140000 0.054409 0.140000 0.056285 0.141250 0.058161 0.141250 0.060038 0.142500 0.061914 0.142500 0.073171 0.141250 0.075047 0.141250 0.078799 0.140000 0.080675 0.133750 0.080675 0.133750 0.078799 0.132500 0.076923 0.132500 0.075047 0.131250 0.073171 0.130000 0.073171 0.123750 0.063790 0.125000 0.061914 0.126250 0.061914 0.127500 0.060038 0.127500 0.048780 0.126250 0.046904 0.126250 0.045028 0.123750 0.041276 0.121250 0.045028 0.121250 0.039400 0.120000 0.037523 0.120000 0.033771 0.118750 0.031895 0.118750 0.030019 0.117500 0.028143 0.117500 0.026266 0.116250 0.024390 0.116250 0.020638 0.115000 0.018762 0.113750 0.018762 0.112500 0.016886 0.112500 0.011257 0.111250 0.009381 0.106250 0.009381 0.105000 0.011257 0.105000 0.016886 0.102500 0.016886 0.101250 0.015009 0.101250 0.013133 0.100000 0.011257 0.100000 0.009381 0.097500 0.005629 0.101250 0.005629 0.102500 0.003752 0.101250 0.001876
0 0.440000 0.001876 0.440000 0.003752 0.441250 0.005629 0.441250 0.016886 0.442500 0.018762 0.456250 0.018762 0.457500 0.020638 0.460000 0.020638 0.461250 0.018762 0.458750 0.015009 0.457500 0.015009 0.458750 0.013133 0.460000 0.013133 0.461250 0.011257 0.482500 0.011257 0.487500 0.018762 0.487500 0.020638 0.492500 0.028143 0.493750 0.028143 0.497500 0.033771 0.497500 0.035647 0.500000 0.039400 0.500000 0.045028 0.498750 0.045028 0.497500 0.046904 0.495000 0.046904 0.493750 0.045028 0.492500 0.045028 0.491250 0.043152 0.490000 0.043152 0.488750 0.041276 0.487500 0.041276 0.487500 0.037523 0.486250 0.035647 0.485000 0.035647 0.482500 0.031895 0.481250 0.031895 0.478750 0.028143 0.475000 0.028143 0.473750 0.026266 0.473750 0.024390 0.472500 0.022514 0.471250 0.022514 0.470000 0.020638 0.466250 0.020638 0.463750 0.024390 0.462500 0.022514 0.460000 0.022514 0.458750 0.024390 0.457500 0.022514 0.452500 0.022514 0.451250 0.024390 0.451250 0.022514 0.450000 0.020638 0.448750 0.020638 0.447500 0.022514 0.445000 0.022514 0.443750 0.024390 0.442500 0.024390 0.441250 0.026266 0.442500 0.028143 0.451250 0.028143 0.452500 0.030019 0.452500 0.031895 0.451250 0.033771 0.450000 0.031895 0.448750 0.031895 0.447500 0.033771 0.447500 0.035647 0.446250 0.037523 0.443750 0.037523 0.442500 0.039400 0.441250 0.039400 0.438750 0.043152 0.442500 0.048780 0.443750 0.048780 0.443750 0.052533 0.441250 0.052533 0.440000 0.050657 0.438750 0.050657 0.438750 0.045028 0.435000 0.039400 0.436250 0.039400 0.438750 0.035647 0.443750 0.035647 0.445000 0.033771 0.443750 0.031895 0.443750 0.030019 0.442500 0.028143 0.438750 0.028143 0.438750 0.022514 0.441250 0.018762 0.440000 0.016886 0.440000 0.007505 0.438750 0.005629 0.438750 0.001876
0 0.828750 0.001876 0.827500 0.003752 0.827500 0.005629 0.826250 0.007505 0.826250 0.009381 0.821250 0.016886 0.817500 0.016886 0.811250 0.026266 0.810000 0.026266 0.805000 0.033771 0.803750 0.033771 0.802500 0.035647 0.800000 0.035647 0.798750 0.037523 0.795000 0.037523 0.793750 0.039400 0.793750 0.041276 0.791250 0.045028 0.792500 0.046904 0.793750 0.046904 0.802500 0.060038 0.803750 0.060038 0.807500 0.065666 0.808750 0.065666 0.821250 0.084428 0.821250 0.090056 0.822500 0.091932 0.823750 0.091932 0.826250 0.095685 0.827500 0.095685 0.828750 0.097561 0.830000 0.097561 0.831250 0.099437 0.832500 0.099437 0.833750 0.101313 0.835000 0.101313 0.845000 0.116323 0.848750 0.116323 0.850000 0.118199 0.853750 0.118199 0.855000 0.120075 0.858750 0.120075 0.860000 0.121951 0.860000 0.123827 0.861250 0.125704 0.861250 0.127580 0.862500 0.129456 0.877500 0.129456 0.878750 0.131332 0.886250 0.131332 0.887500 0.133208 0.893750 0.133208 0.895000 0.135084 0.897500 0.135084 0.898750 0.136961 0.900000 0.136961 0.901250 0.138837 0.902500 0.138837 0.903750 0.140713 0.907500 0.140713 0.908750 0.142589 0.912500 0.142589 0.913750 0.144465 0.917500 0.144465 0.918750 0.146341 0.922500 0.146341 0.923750 0.148218 0.930000 0.148218 0.931250 0.150094 0.937500 0.150094 0.938750 0.151970 0.943750 0.151970 0.945000 0.153846 0.948750 0.153846 0.950000 0.155722 0.952500 0.155722 0.953750 0.157598 0.956250 0.157598 0.958750 0.161351 0.958750 0.163227 0.961250 0.166979 0.961250 0.168856 0.962500 0.170732 0.962500 0.172608 0.963750 0.174484 0.965000 0.174484 0.966250 0.176360 0.967500 0.176360 0.968750 0.178236 0.970000 0.178236 0.971250 0.180113 0.972500 0.180113 0.973750 0.181989 1.000000 0.181989 1.000000 0.277674 0.998750 0.275797 0.997500 0.275797 0.996250 0.273921 0.988750 0.273921 0.987500 0.275797 0.988750 0.273921 0.988750 0.270169 0.990000 0.268293 0.990000 0.264540 0.991250 0.262664 0.988750 0.258912 0.988750 0.257036 0.987500 0.255159 0.987500 0.253283 0.986250 0.251407 0.986250 0.249531 0.981250 0.242026 0.981250 0.240150 0.980000 0.238274 0.978750 0.238274 0.971250 0.227017 0.971250 0.223265 0.970000 0.221388 0.970000 0.213884 0.971250 0.212008 0.971250 0.210131 0.972500 0.208255 0.971250 0.206379 0.970000 0.206379 0.968750 0.204503 0.967500 0.204503 0.966250 0.202627 0.965000 0.202627 0.963750 0.200750 0.962500 0.200750 0.961250 0.198874 0.960000 0.198874 0.957500 0.195122 0.956250 0.195122 0.955000 0.193246 0.953750 0.193246 0.951250 0.189493 0.950000 0.189493 0.947500 0.185741 0.942500 0.185741 0.941250 0.183865 0.937500 0.183865 0.936250 0.181989 0.936250 0.180113 0.935000 0.178236 0.933750 0.178236 0.931250 0.174484 0.930000 0.174484 0.927500 0.170732 0.926250 0.172608 0.926250 0.183865 0.925000 0.183865 0.923750 0.185741 0.923750 0.196998 0.930000 0.206379 0.931250 0.206379 0.932500 0.208255 0.933750 0.208255 0.935000 0.210131 0.935000 0.215760 0.933750 0.217636 0.933750 0.223265 0.932500 0.225141 0.937500 0.232645 0.936250 0.232645 0.935000 0.234522 0.932500 0.234522 0.931250 0.236398 0.932500 0.238274 0.932500 0.240150 0.933750 0.242026 0.933750 0.243902 0.937500 0.249531 0.937500 0.251407 0.932500 0.258912 0.933750 0.260788 0.935000 0.260788 0.936250 0.262664 0.937500 0.262664 0.938750 0.264540 0.940000 0.264540 0.940000 0.273921 0.941250 0.275797 0.941250 0.277674 0.942500 0.279550 0.942500 0.283302 0.943750 0.285178 0.946250 0.285178 0.947500 0.287054 0.950000 0.287054 0.952500 0.290807 0.952500 0.292683 0.953750 0.294559 0.956250 0.294559 0.957500 0.296435 0.960000 0.296435 0.961250 0.298311 0.962500 0.298311 0.970000 0.309568 0.977500 0.309568 0.976250 0.311445 0.975000 0.311445 0.973750 0.313321 0.970000 0.313321 0.968750 0.311445 0.967500 0.311445 0.966250 0.309568 0.965000 0.309568 0.963750 0.307692 0.962500 0.307692 0.960000 0.303940 0.958750 0.303940 0.957500 0.302064 0.956250 0.302064 0.953750 0.298311 0.952500 0.298311 0.951250 0.296435 0.950000 0.296435 0.947500 0.292683 0.946250 0.292683 0.945000 0.290807 0.943750 0.290807 0.942500 0.288931 0.941250 0.288931 0.940000 0.287054 0.938750 0.287054 0.937500 0.285178 0.936250 0.285178 0.933750 0.281426 0.932500 0.281426 0.927500 0.273921 0.927500 0.272045 0.925000 0.268293 0.918750 0.268293 0.917500 0.270169 0.917500 0.268293 0.911250 0.258912 0.913750 0.255159 0.915000 0.255159 0.916250 0.253283 0.915000 0.251407 0.915000 0.249531 0.913750 0.247655 0.913750 0.245779 0.912500 0.243902 0.912500 0.236398 0.913750 0.234522 0.912500 0.232645 0.912500 0.230769 0.911250 0.228893 0.911250 0.227017 0.910000 0.225141 0.910000 0.223265 0.908750 0.221388 0.908750 0.219512 0.907500 0.217636 0.907500 0.210131 0.906250 0.208255 0.906250 0.204503 0.905000 0.202627 0.905000 0.196998 0.903750 0.195122 0.896250 0.195122 0.895000 0.193246 0.893750 0.193246 0.892500 0.191370 0.891250 0.191370 0.890000 0.189493 0.888750 0.189493 0.887500 0.187617 0.876250 0.187617 0.875000 0.189493 0.875000 0.191370 0.876250 0.193246 0.876250 0.196998 0.877500 0.198874 0.878750 0.198874 0.882500 0.204503 0.882500 0.213884 0.877500 0.213884 0.876250 0.215760 0.876250 0.225141 0.877500 0.227017 0.877500 0.228893 0.878750 0.230769 0.880000 0.230769 0.881250 0.232645 0.881250 0.238274 0.880000 0.240150 0.880000 0.245779 0.872500 0.257036 0.865000 0.257036 0.863750 0.258912 0.862500 0.257036 0.861250 0.257036 0.860000 0.255159 0.858750 0.255159 0.856250 0.251407 0.858750 0.247655 0.860000 0.247655 0.861250 0.245779 0.860000 0.243902 0.858750 0.243902 0.857500 0.242026 0.845000 0.242026 0.843750 0.243902 0.842500 0.243902 0.841250 0.245779 0.840000 0.245779 0.838750 0.247655 0.837500 0.247655 0.836250 0.249531 0.837500 0.251407 0.837500 0.258912 0.836250 0.260788 0.836250 0.264540 0.835000 0.266417 0.832500 0.262664 0.831250 0.262664 0.830000 0.260788 0.825000 0.260788 0.823750 0.262664 0.823750 0.264540 0.822500 0.266417 0.822500 0.268293 0.821250 0.270169 0.821250 0.272045 0.820000 0.273921 0.820000 0.287054 0.818750 0.287054 0.817500 0.288931 0.816250 0.288931 0.815000 0.290807 0.813750 0.290807 0.812500 0.292683 0.811250 0.292683 0.810000 0.294559 0.807500 0.294559 0.806250 0.296435 0.805000 0.294559 0.801250 0.294559 0.800000 0.292683 0.796250 0.292683 0.792500 0.287054 0.792500 0.285178 0.800000 0.285178 0.801250 0.283302 0.808750 0.283302 0.810000 0.281426 0.810000 0.275797 0.811250 0.273921 0.811250 0.268293 0.812500 0.266417 0.812500 0.264540 0.813750 0.262664 0.813750 0.260788 0.815000 0.258912 0.815000 0.257036 0.816250 0.255159 0.816250 0.253283 0.817500 0.251407 0.816250 0.249531 0.816250 0.236398 0.815000 0.234522 0.813750 0.234522 0.810000 0.228893 0.810000 0.217636 0.808750 0.215760 0.797500 0.215760 0.796250 0.217636 0.795000 0.217636 0.790000 0.225141 0.788750 0.225141 0.787500 0.227017 0.782500 0.227017 0.781250 0.225141 0.777500 0.225141 0.776250 0.223265 0.772500 0.223265 0.771250 0.221388 0.767500 0.221388 0.766250 0.219512 0.760000 0.219512 0.758750 0.221388 0.757500 0.221388 0.756250 0.223265 0.753750 0.223265 0.752500 0.225141 0.745000 0.225141 0.743750 0.227017 0.743750 0.243902 0.747500 0.249531 0.747500 0.251407 0.748750 0.253283 0.748750 0.255159 0.750000 0.257036 0.750000 0.258912 0.751250 0.260788 0.751250 0.281426 0.750000 0.283302 0.750000 0.287054 0.748750 0.288931 0.747500 0.287054 0.743750 0.287054 0.743750 0.285178 0.745000 0.283302 0.745000 0.281426 0.746250 0.279550 0.743750 0.275797 0.741250 0.275797 0.740000 0.277674 0.736250 0.272045 0.735000 0.272045 0.733750 0.270169 0.730000 0.275797 0.730000 0.277674 0.727500 0.281426 0.725000 0.281426 0.723750 0.283302 0.723750 0.277674 0.725000 0.277674 0.726250 0.275797 0.722500 0.270169 0.723750 0.270169 0.725000 0.268293 0.725000 0.266417 0.726250 0.264540 0.726250 0.262664 0.728750 0.258912 0.727500 0.257036 0.727500 0.238274 0.726250 0.236398 0.723750 0.236398 0.722500 0.234522 0.721250 0.234522 0.720000 0.232645 0.716250 0.232645 0.715000 0.230769 0.705000 0.230769 0.702500 0.227017 0.692500 0.227017 0.690000 0.230769 0.690000 0.232645 0.688750 0.234522 0.688750 0.236398 0.686250 0.240150 0.686250 0.238274 0.683750 0.234522 0.677500 0.234522 0.675000 0.238274 0.675000 0.245779 0.676250 0.247655 0.676250 0.251407 0.681250 0.258912 0.681250 0.260788 0.683750 0.264540 0.683750 0.283302 0.682500 0.285178 0.682500 0.279550 0.681250 0.277674 0.681250 0.272045 0.680000 0.270169 0.680000 0.268293 0.678750 0.266417 0.678750 0.264540 0.677500 0.262664 0.677500 0.260788 0.676250 0.258912 0.676250 0.257036 0.675000 0.255159 0.672500 0.255159 0.671250 0.253283 0.670000 0.253283 0.670000 0.242026 0.671250 0.240150 0.666250 0.232645 0.665000 0.232645 0.662500 0.228893 0.662500 0.227017 0.661250 0.225141 0.661250 0.204503 0.662500 0.202627 0.662500 0.187617 0.666250 0.187617 0.667500 0.185741 0.667500 0.181989 0.668750 0.180113 0.668750 0.176360 0.676250 0.165103 0.676250 0.157598 0.677500 0.155722 0.676250 0.153846 0.676250 0.146341 0.675000 0.144465 0.675000 0.140713 0.673750 0.138837 0.673750 0.127580 0.677500 0.121951 0.678750 0.121951 0.680000 0.120075 0.680000 0.118199 0.688750 0.105066 0.691250 0.105066 0.695000 0.099437 0.695000 0.095685 0.696250 0.093809 0.696250 0.091932 0.697500 0.090056 0.697500 0.086304 0.698750 0.084428 0.698750 0.082552 0.700000 0.080675 0.700000 0.078799 0.701250 0.076923 0.701250 0.073171 0.702500 0.071295 0.702500 0.060038 0.703750 0.058161 0.706250 0.058161 0.707500 0.056285 0.706250 0.054409 0.706250 0.048780 0.712500 0.039400 0.711250 0.037523 0.710000 0.037523 0.706250 0.031895 0.706250 0.030019 0.705000 0.028143 0.705000 0.026266 0.703750 0.024390 0.703750 0.020638 0.708750 0.013133 0.717500 0.013133 0.718750 0.015009 0.721250 0.015009 0.722500 0.016886 0.730000 0.016886 0.731250 0.015009 0.737500 0.015009 0.740000 0.018762 0.733750 0.018762 0.732500 0.020638 0.725000 0.020638 0.723750 0.022514 0.722500 0.020638 0.720000 0.020638 0.718750 0.018762 0.712500 0.018762 0.711250 0.020638 0.710000 0.020638 0.708750 0.022514 0.712500 0.028143 0.712500 0.031895 0.711250 0.033771 0.715000 0.039400 0.715000 0.043152 0.708750 0.052533 0.710000 0.054409 0.710000 0.060038 0.708750 0.061914 0.708750 0.063790 0.707500 0.065666 0.707500 0.067542 0.706250 0.069418 0.706250 0.073171 0.705000 0.075047 0.705000 0.076923 0.703750 0.078799 0.703750 0.080675 0.702500 0.082552 0.702500 0.084428 0.701250 0.086304 0.701250 0.088180 0.700000 0.090056 0.700000 0.097561 0.698750 0.099437 0.698750 0.105066 0.697500 0.106942 0.698750 0.108818 0.702500 0.108818 0.703750 0.110694 0.707500 0.110694 0.708750 0.112570 0.713750 0.112570 0.716250 0.108818 0.717500 0.108818 0.720000 0.105066 0.721250 0.105066 0.723750 0.101313 0.725000 0.101313 0.727500 0.097561 0.728750 0.097561 0.731250 0.093809 0.732500 0.093809 0.735000 0.090056 0.736250 0.090056 0.738750 0.086304 0.740000 0.086304 0.741250 0.084428 0.740000 0.082552 0.725000 0.082552 0.725000 0.075047 0.726250 0.073171 0.726250 0.065666 0.728750 0.061914 0.730000 0.061914 0.731250 0.060038 0.733750 0.060038 0.737500 0.065666 0.738750 0.063790 0.740000 0.063790 0.742500 0.060038 0.743750 0.060038 0.746250 0.056285 0.747500 0.056285 0.750000 0.052533 0.751250 0.052533 0.752500 0.050657 0.757500 0.050657 0.758750 0.048780 0.758750 0.033771 0.760000 0.031895 0.758750 0.030019 0.758750 0.026266 0.757500 0.024390 0.757500 0.016886 0.760000 0.013133 0.760000 0.011257 0.762500 0.007505 0.762500 0.001876 0.765000 0.001876 0.766250 0.003752 0.766250 0.005629 0.767500 0.007505 0.767500 0.011257 0.768750 0.013133 0.771250 0.013133 0.773750 0.009381 0.775000 0.009381 0.777500 0.005629 0.778750 0.005629 0.781250 0.001876 0.803750 0.001876 0.801250 0.005629 0.801250 0.007505 0.793750 0.018762 0.792500 0.018762 0.791250 0.020638 0.790000 0.020638 0.788750 0.022514 0.787500 0.022514 0.786250 0.024390 0.785000 0.024390 0.782500 0.028143 0.781250 0.028143 0.780000 0.030019 0.778750 0.030019 0.777500 0.031895 0.776250 0.031895 0.775000 0.033771 0.776250 0.035647 0.776250 0.037523 0.777500 0.039400 0.777500 0.041276 0.778750 0.043152 0.781250 0.043152 0.782500 0.045028 0.783750 0.045028 0.786250 0.041276 0.786250 0.039400 0.787500 0.037523 0.787500 0.035647 0.791250 0.030019 0.792500 0.030019 0.793750 0.028143 0.795000 0.028143 0.796250 0.026266 0.797500 0.026266 0.798750 0.024390 0.801250 0.024390 0.802500 0.022514 0.805000 0.022514 0.806250 0.020638 0.808750 0.020638 0.816250 0.009381 0.816250 0.001876
