0 0.011290 0.474576 0.014516 0.479419 0.014516 0.481840 0.012903 0.484262 0.012903 0.486683 0.011290 0.489104 0.008065 0.489104 0.006452 0.486683 0.004839 0.486683 0.003226 0.484262 0.003226 0.476998 0.004839 0.476998 0.006452 0.474576
0 0.262903 0.460048 0.264516 0.462470 0.264516 0.474576 0.266129 0.476998 0.283871 0.476998 0.285484 0.474576 0.290323 0.474576 0.291936 0.472155 0.306452 0.472155 0.306452 0.486683 0.303226 0.486683 0.301613 0.489104 0.298387 0.489104 0.296774 0.491525 0.293548 0.491525 0.290323 0.496368 0.288710 0.496368 0.287097 0.498789 0.285484 0.498789 0.283871 0.501211 0.282258 0.501211 0.279032 0.506053 0.277419 0.506053 0.275806 0.508475 0.274194 0.508475 0.272581 0.510896 0.270968 0.510896 0.269355 0.513317 0.259677 0.513317 0.258065 0.515738 0.256452 0.515738 0.253226 0.520581 0.251613 0.520581 0.248387 0.525424 0.246774 0.525424 0.243548 0.530266 0.241935 0.530266 0.238710 0.535109 0.237097 0.535109 0.235484 0.537530 0.235484 0.564165 0.233871 0.566586 0.233871 0.569007 0.232258 0.571429 0.232258 0.573850 0.230645 0.576271 0.230645 0.578692 0.229032 0.581114 0.229032 0.583535 0.216129 0.602906 0.214516 0.602906 0.212903 0.605327 0.212903 0.607748 0.211290 0.610169 0.211290 0.612591 0.209677 0.615012 0.209677 0.617433 0.208064 0.619855 0.208064 0.622276 0.206452 0.624697 0.206452 0.627119 0.204839 0.629540 0.204839 0.631961 0.203226 0.634383 0.203226 0.636804 0.201613 0.639225 0.201613 0.641647 0.200000 0.644068 0.200000 0.646489 0.188710 0.663438 0.187097 0.663438 0.179032 0.675545 0.177419 0.675545 0.169355 0.687651 0.167742 0.687651 0.146774 0.719128 0.145161 0.719128 0.143548 0.721550 0.145161 0.723971 0.145161 0.738499 0.146774 0.740920 0.146774 0.757869 0.120968 0.796610 0.120968 0.799031 0.114516 0.808717 0.114516 0.811138 0.108065 0.820823 0.108065 0.823245 0.101613 0.832930 0.101613 0.835351 0.096774 0.842615 0.096774 0.845036 0.091935 0.852300 0.091935 0.854722 0.085484 0.864407 0.085484 0.866828 0.080645 0.874092 0.080645 0.876513 0.075806 0.883777 0.075806 0.886199 0.066129 0.900726 0.064516 0.900726 0.059677 0.907990 0.058065 0.907990 0.053226 0.915254 0.051613 0.915254 0.048387 0.920097 0.046774 0.920097 0.045161 0.922518 0.045161 0.924939 0.043548 0.927361 0.043548 0.929782 0.041936 0.932203 0.041936 0.934625 0.040323 0.937046 0.040323 0.939467 0.037097 0.944310 0.037097 0.951574 0.035484 0.953995 0.035484 0.958838 0.033871 0.961259 0.033871 0.966102 0.032258 0.968523 0.032258 0.970944 0.024194 0.983051 0.024194 0.985472 0.017742 0.995157 0.001613 0.995157 0.001613 0.525424 0.008065 0.525424 0.009677 0.523002 0.014516 0.523002 0.016129 0.520581 0.020968 0.520581 0.022581 0.518160 0.041936 0.518160 0.043548 0.520581 0.043548 0.530266 0.045161 0.532688 0.059677 0.532688 0.061290 0.535109 0.070968 0.535109 0.072581 0.537530 0.075806 0.537530 0.077419 0.539952 0.079032 0.539952 0.080645 0.542373 0.085484 0.542373 0.091935 0.552058 0.093548 0.552058 0.098387 0.559322 0.120968 0.559322 0.122581 0.561743 0.137097 0.561743 0.146774 0.547216 0.158065 0.547216 0.159677 0.549637 0.162903 0.549637 0.164516 0.552058 0.167742 0.552058 0.169355 0.554479 0.175806 0.554479 0.177419 0.552058 0.179032 0.552058 0.180645 0.549637 0.182258 0.549637 0.183871 0.547216 0.193548 0.547216 0.195161 0.544794 0.195161 0.539952 0.196774 0.537530 0.196774 0.532688 0.198387 0.530266 0.198387 0.527845 0.200000 0.525424 0.200000 0.523002 0.201613 0.520581 0.201613 0.518160 0.203226 0.515738 0.203226 0.510896 0.204839 0.508475 0.204839 0.506053 0.206452 0.503632 0.206452 0.501211 0.208064 0.498789 0.208064 0.496368 0.222581 0.474576 0.233871 0.474576 0.235484 0.472155 0.246774 0.472155 0.251613 0.464891 0.253226 0.464891 0.256452 0.460048
0 0.959677 0.198547 0.961290 0.200969 0.961290 0.203390 0.958065 0.208232 0.956452 0.205811 0.951613 0.205811 0.950000 0.208232 0.948387 0.208232 0.946774 0.210654 0.940323 0.210654 0.938710 0.208232 0.938710 0.203390 0.940323 0.200969 0.940323 0.198547
0 0.817742 0.162228 0.817742 0.164649 0.811290 0.164649 0.811290 0.162228
0 0.898387 0.147700 0.900000 0.150121 0.900000 0.179177 0.898387 0.181598 0.903226 0.188862 0.903226 0.191283 0.901613 0.191283 0.895161 0.181598 0.895161 0.176755 0.896774 0.174334 0.896774 0.154964 0.893548 0.150121 0.893548 0.147700
0 0.812903 0.133172 0.812903 0.135593 0.811290 0.138015 0.804839 0.138015 0.806452 0.135593 0.806452 0.133172
0 0.945161 0.111380 0.948387 0.116223 0.948387 0.121065 0.941935 0.121065 0.940323 0.118644 0.940323 0.111380
0 0.867742 0.104116 0.867742 0.106538 0.862903 0.106538 0.862903 0.104116
0 0.551613 0.079903 0.546774 0.079903 0.545161 0.082324 0.533871 0.082324 0.538710 0.082324 0.540323 0.079903
0 0.712903 0.079903 0.712903 0.082324 0.714516 0.084746 0.714516 0.087167 0.716129 0.089588 0.716129 0.092010 0.714516 0.094431 0.712903 0.094431 0.711290 0.096852 0.706452 0.096852 0.706452 0.092010 0.704839 0.089588 0.704839 0.079903
0 0.300000 0.077482 0.298387 0.079903 0.298387 0.082324 0.295161 0.087167 0.293548 0.087167 0.291936 0.089588 0.290323 0.087167 0.287097 0.092010 0.283871 0.092010 0.282258 0.089588 0.282258 0.087167 0.288710 0.087167 0.295161 0.077482
0 0.374194 0.055690 0.370968 0.060533 0.369355 0.060533 0.367742 0.062954 0.366129 0.062954 0.364516 0.065375 0.361290 0.065375 0.359677 0.067797 0.356452 0.067797 0.348387 0.079903 0.348387 0.082324 0.346774 0.084746 0.345161 0.084746 0.343548 0.087167 0.341935 0.087167 0.340323 0.089588 0.338710 0.089588 0.335484 0.094431 0.333871 0.094431 0.332258 0.096852 0.330645 0.094431 0.327419 0.094431 0.325806 0.096852 0.324194 0.096852 0.322581 0.099274 0.320968 0.099274 0.319355 0.101695 0.311290 0.101695 0.309677 0.104116 0.308065 0.104116 0.306452 0.106538 0.304839 0.106538 0.303226 0.108959 0.301613 0.108959 0.300000 0.111380 0.295161 0.111380 0.293548 0.113801 0.291936 0.113801 0.290323 0.116223 0.291936 0.118644 0.291936 0.121065 0.293548 0.123487 0.295161 0.123487 0.296774 0.125908 0.296774 0.133172 0.298387 0.135593 0.303226 0.135593 0.304839 0.138015 0.306452 0.138015 0.308065 0.140436 0.309677 0.140436 0.311290 0.142857 0.311290 0.145278 0.312903 0.147700 0.312903 0.150121 0.311290 0.150121 0.308065 0.145278 0.308065 0.142857 0.306452 0.140436 0.296774 0.140436 0.290323 0.130751 0.290323 0.123487 0.287097 0.118644 0.283871 0.118644 0.282258 0.121065 0.279032 0.121065 0.277419 0.123487 0.274194 0.123487 0.272581 0.121065 0.254839 0.121065 0.253226 0.118644 0.251613 0.118644 0.248387 0.113801 0.246774 0.113801 0.245161 0.111380 0.233871 0.111380 0.230645 0.116223 0.229032 0.116223 0.227419 0.118644 0.227419 0.116223 0.225806 0.113801 0.220968 0.113801 0.219355 0.116223 0.209677 0.116223 0.208064 0.118644 0.201613 0.118644 0.203226 0.118644 0.204839 0.116223 0.208064 0.116223 0.209677 0.113801 0.212903 0.113801 0.214516 0.111380 0.220968 0.111380 0.222581 0.108959 0.256452 0.108959 0.256452 0.116223 0.258065 0.118644 0.272581 0.118644 0.274194 0.116223 0.277419 0.116223 0.279032 0.113801 0.283871 0.113801 0.285484 0.111380 0.288710 0.111380 0.290323 0.108959 0.293548 0.108959 0.295161 0.106538 0.300000 0.106538 0.301613 0.104116 0.306452 0.104116 0.309677 0.099274 0.311290 0.099274 0.312903 0.096852 0.314516 0.096852 0.316129 0.094431 0.314516 0.092010 0.314516 0.082324 0.316129 0.079903 0.332258 0.079903 0.330645 0.082324 0.329032 0.082324 0.327419 0.084746 0.320968 0.084746 0.317742 0.089588 0.320968 0.094431 0.324194 0.094431 0.325806 0.092010 0.330645 0.092010 0.332258 0.089588 0.333871 0.089588 0.335484 0.087167 0.338710 0.087167 0.340323 0.084746 0.343548 0.084746 0.345161 0.082324 0.345161 0.077482 0.350000 0.070218 0.351613 0.070218 0.356452 0.062954 0.362903 0.062954 0.364516 0.060533 0.369355 0.060533 0.372581 0.055690
0 0.701613 0.019370 0.701613 0.024213 0.703226 0.026634 0.703226 0.031477 0.704839 0.033898 0.704839 0.038741 0.701613 0.043584 0.701613 0.046005 0.695161 0.055690 0.693548 0.055690 0.691935 0.058111 0.690323 0.058111 0.688710 0.060533 0.687097 0.060533 0.685484 0.062954 0.683871 0.062954 0.682258 0.065375 0.682258 0.067797 0.680645 0.070218 0.680645 0.072639 0.679032 0.075061 0.679032 0.077482 0.664516 0.077482 0.662903 0.075061 0.646774 0.075061 0.645161 0.077482 0.643548 0.075061 0.640323 0.075061 0.638710 0.072639 0.637097 0.072639 0.633871 0.067797 0.632258 0.067797 0.630645 0.065375 0.627419 0.065375 0.624194 0.060533 0.620968 0.065375 0.622581 0.067797 0.622581 0.072639 0.620968 0.075061 0.619355 0.072639 0.617742 0.072639 0.616129 0.070218 0.616129 0.065375 0.614516 0.062954 0.614516 0.055690 0.627419 0.055690 0.627419 0.058111 0.629032 0.060533 0.633871 0.060533 0.635484 0.062954 0.638710 0.062954 0.640323 0.065375 0.641935 0.065375 0.643548 0.067797 0.656452 0.067797 0.658065 0.065375 0.659677 0.065375 0.661290 0.062954 0.664516 0.062954 0.666129 0.060533 0.666129 0.058111 0.667742 0.055690 0.667742 0.053269 0.669355 0.050847 0.669355 0.048426 0.674194 0.041162 0.687097 0.041162 0.688710 0.038741 0.688710 0.026634 0.690323 0.024213 0.691935 0.024213 0.693548 0.021792 0.695161 0.021792 0.696774 0.019370
0 0.585484 0.016949 0.580645 0.024213 0.582258 0.026634 0.587097 0.026634 0.582258 0.026634 0.579032 0.031477 0.580645 0.033898 0.582258 0.033898 0.583871 0.036320 0.582258 0.036320 0.580645 0.038741 0.579032 0.036320 0.577419 0.038741 0.577419 0.043584 0.575806 0.046005 0.553226 0.046005 0.551613 0.048426 0.548387 0.048426 0.546774 0.050847 0.546774 0.053269 0.543548 0.058111 0.543548 0.065375 0.541935 0.065375 0.540323 0.067797 0.538710 0.067797 0.537097 0.070218 0.525806 0.070218 0.524194 0.072639 0.512903 0.072639 0.511290 0.075061 0.498387 0.075061 0.496774 0.077482 0.493548 0.077482 0.491935 0.079903 0.488710 0.079903 0.487097 0.082324 0.479032 0.082324 0.477419 0.084746 0.470968 0.084746 0.469355 0.087167 0.467742 0.087167 0.466129 0.089588 0.462903 0.089588 0.461290 0.092010 0.458064 0.092010 0.456452 0.094431 0.454839 0.094431 0.453226 0.096852 0.451613 0.096852 0.450000 0.099274 0.448387 0.099274 0.446774 0.101695 0.445161 0.099274 0.417742 0.099274 0.416129 0.096852 0.387097 0.096852 0.382258 0.104116 0.380645 0.104116 0.377419 0.108959 0.377419 0.111380 0.379032 0.113801 0.379032 0.118644 0.377419 0.121065 0.375806 0.118644 0.375806 0.113801 0.372581 0.108959 0.364516 0.121065 0.362903 0.121065 0.361290 0.123487 0.362903 0.125908 0.364516 0.125908 0.364516 0.128329 0.366129 0.130751 0.366129 0.133172 0.367742 0.135593 0.369355 0.135593 0.369355 0.138015 0.366129 0.138015 0.364516 0.135593 0.364516 0.133172 0.362903 0.130751 0.359677 0.130751 0.359677 0.123487 0.361290 0.121065 0.361290 0.118644 0.364516 0.113801 0.364516 0.108959 0.367742 0.104116 0.369355 0.104116 0.370968 0.101695 0.372581 0.101695 0.374194 0.099274 0.375806 0.099274 0.377419 0.096852 0.380645 0.096852 0.382258 0.094431 0.382258 0.092010 0.385484 0.087167 0.391935 0.087167 0.391935 0.089588 0.390323 0.092010 0.391935 0.094431 0.416129 0.094431 0.416129 0.096852 0.417742 0.099274 0.432258 0.099274 0.433871 0.096852 0.433871 0.079903 0.435484 0.079903 0.437097 0.077482 0.440323 0.077482 0.441935 0.075061 0.450000 0.075061 0.448387 0.075061 0.446774 0.077482 0.445161 0.077482 0.443548 0.079903 0.438710 0.079903 0.437097 0.082324 0.437097 0.084746 0.435484 0.087167 0.435484 0.096852 0.437097 0.099274 0.441935 0.099274 0.443548 0.096852 0.451613 0.096852 0.453226 0.094431 0.454839 0.094431 0.456452 0.092010 0.458064 0.092010 0.459677 0.089588 0.461290 0.089588 0.462903 0.087167 0.464516 0.087167 0.466129 0.084746 0.475806 0.084746 0.477419 0.082324 0.485484 0.082324 0.487097 0.079903 0.491935 0.079903 0.493548 0.077482 0.495161 0.077482 0.496774 0.075061 0.506452 0.075061 0.508065 0.072639 0.508065 0.070218 0.511290 0.070218 0.512903 0.072639 0.520968 0.072639 0.522581 0.070218 0.522581 0.065375 0.525806 0.060533 0.527419 0.060533 0.537097 0.046005 0.538710 0.046005 0.540323 0.043584 0.540323 0.026634 0.545161 0.026634 0.545161 0.033898 0.543548 0.036320 0.543548 0.038741 0.541935 0.041162 0.541935 0.043584 0.530645 0.060533 0.529032 0.060533 0.527419 0.062954 0.527419 0.065375 0.525806 0.067797 0.527419 0.070218 0.535484 0.070218 0.540323 0.062954 0.540323 0.053269 0.543548 0.048426 0.545161 0.048426 0.546774 0.046005 0.548387 0.046005 0.550000 0.043584 0.562903 0.043584 0.564516 0.041162 0.572581 0.041162 0.574194 0.038741 0.574194 0.021792 0.575806 0.019370 0.580645 0.019370 0.582258 0.016949
0 0.253226 0.002421 0.253226 0.007264 0.251613 0.009685 0.251613 0.014528 0.250000 0.016949 0.250000 0.019370 0.248387 0.021792 0.248387 0.024213 0.246774 0.026634 0.246774 0.029056 0.243548 0.033898 0.240323 0.033898 0.238710 0.036320 0.230645 0.036320 0.229032 0.038741 0.225806 0.038741 0.224194 0.041162 0.222581 0.041162 0.220968 0.043584 0.217742 0.043584 0.216129 0.046005 0.214516 0.046005 0.212903 0.048426 0.209677 0.048426 0.208064 0.050847 0.206452 0.050847 0.204839 0.053269 0.201613 0.053269 0.200000 0.055690 0.200000 0.058111 0.195161 0.065375 0.196774 0.067797 0.209677 0.067797 0.211290 0.070218 0.211290 0.072639 0.212903 0.075061 0.212903 0.079903 0.214516 0.082324 0.214516 0.087167 0.209677 0.087167 0.208064 0.084746 0.208064 0.082324 0.206452 0.079903 0.204839 0.079903 0.203226 0.077482 0.195161 0.077482 0.187097 0.089588 0.187097 0.082324 0.185484 0.079903 0.182258 0.084746 0.180645 0.084746 0.179032 0.087167 0.179032 0.089588 0.175806 0.094431 0.175806 0.104116 0.174194 0.106538 0.174194 0.116223 0.172581 0.118644 0.174194 0.121065 0.175806 0.121065 0.179032 0.125908 0.180645 0.125908 0.185484 0.133172 0.187097 0.133172 0.190323 0.138015 0.191935 0.138015 0.193548 0.140436 0.200000 0.140436 0.201613 0.138015 0.206452 0.138015 0.208064 0.135593 0.212903 0.135593 0.214516 0.133172 0.222581 0.133172 0.227419 0.140436 0.229032 0.140436 0.233871 0.147700 0.235484 0.147700 0.241935 0.157385 0.248387 0.157385 0.250000 0.159806 0.256452 0.159806 0.258065 0.162228 0.264516 0.162228 0.266129 0.159806 0.266129 0.157385 0.267742 0.154964 0.267742 0.152542 0.279032 0.152542 0.280645 0.154964 0.290323 0.154964 0.291936 0.157385 0.308065 0.157385 0.309677 0.154964 0.317742 0.154964 0.317742 0.159806 0.319355 0.162228 0.319355 0.169492 0.320968 0.171913 0.332258 0.171913 0.333871 0.174334 0.343548 0.174334 0.345161 0.176755 0.354839 0.176755 0.356452 0.179177 0.401613 0.179177 0.403226 0.176755 0.417742 0.176755 0.419355 0.174334 0.432258 0.174334 0.433871 0.171913 0.448387 0.171913 0.450000 0.169492 0.464516 0.169492 0.466129 0.167070 0.470968 0.167070 0.472581 0.164649 0.477419 0.164649 0.479032 0.162228 0.485484 0.162228 0.487097 0.159806 0.491935 0.159806 0.493548 0.157385 0.500000 0.157385 0.501613 0.154964 0.506452 0.154964 0.508065 0.152542 0.512903 0.152542 0.514516 0.150121 0.520968 0.150121 0.522581 0.147700 0.527419 0.147700 0.529032 0.145278 0.535484 0.145278 0.537097 0.142857 0.543548 0.142857 0.545161 0.140436 0.551613 0.140436 0.553226 0.138015 0.559677 0.138015 0.561290 0.135593 0.567742 0.135593 0.569355 0.133172 0.575806 0.133172 0.577419 0.130751 0.583871 0.130751 0.585484 0.128329 0.591935 0.128329 0.593548 0.125908 0.617742 0.125908 0.619355 0.128329 0.633871 0.128329 0.635484 0.130751 0.650000 0.130751 0.651613 0.133172 0.658065 0.133172 0.659677 0.135593 0.664516 0.135593 0.666129 0.138015 0.670968 0.138015 0.672581 0.140436 0.680645 0.140436 0.682258 0.138015 0.683871 0.138015 0.685484 0.135593 0.687097 0.135593 0.688710 0.133172 0.690323 0.133172 0.691935 0.130751 0.693548 0.130751 0.695161 0.128329 0.696774 0.128329 0.698387 0.125908 0.700000 0.125908 0.701613 0.123487 0.703226 0.123487 0.704839 0.121065 0.717742 0.121065 0.717742 0.157385 0.716129 0.159806 0.717742 0.162228 0.722581 0.162228 0.724194 0.164649 0.729032 0.164649 0.730645 0.167070 0.733871 0.167070 0.735484 0.169492 0.740323 0.169492 0.741935 0.171913 0.745161 0.171913 0.746774 0.169492 0.746774 0.167070 0.751613 0.159806 0.751613 0.152542 0.753226 0.150121 0.753226 0.140436 0.758065 0.133172 0.756452 0.130751 0.756452 0.118644 0.758065 0.116223 0.762903 0.116223 0.762903 0.118644 0.761290 0.118644 0.758065 0.123487 0.759677 0.125908 0.759677 0.130751 0.761290 0.133172 0.767742 0.133172 0.758065 0.147700 0.758065 0.150121 0.751613 0.159806 0.753226 0.162228 0.753226 0.167070 0.751613 0.169492 0.748387 0.169492 0.746774 0.171913 0.748387 0.174334 0.751613 0.174334 0.753226 0.176755 0.770968 0.176755 0.772581 0.179177 0.790323 0.179177 0.791935 0.181598 0.808065 0.181598 0.809677 0.184019 0.812903 0.184019 0.814516 0.186441 0.816129 0.186441 0.817742 0.188862 0.819355 0.188862 0.820968 0.191283 0.824194 0.191283 0.825806 0.193705 0.827419 0.193705 0.829032 0.196126 0.830645 0.196126 0.832258 0.198547 0.835484 0.198547 0.837097 0.200969 0.838710 0.200969 0.840323 0.203390 0.841935 0.203390 0.843548 0.205811 0.843548 0.215496 0.845161 0.217918 0.845161 0.227603 0.846774 0.230024 0.846774 0.251816 0.845161 0.254237 0.845161 0.261501 0.843548 0.263923 0.843548 0.271186 0.841935 0.273608 0.841935 0.280872 0.840323 0.283293 0.840323 0.290557 0.841935 0.292978 0.880645 0.292978 0.882258 0.290557 0.885484 0.290557 0.887097 0.288136 0.891935 0.288136 0.893548 0.285714 0.896774 0.285714 0.898387 0.283293 0.903226 0.283293 0.904839 0.280872 0.909677 0.280872 0.911290 0.278450 0.914516 0.278450 0.916129 0.276029 0.920968 0.276029 0.922581 0.273608 0.927419 0.273608 0.929032 0.271186 0.927419 0.268765 0.896774 0.268765 0.898387 0.266344 0.900000 0.266344 0.901613 0.263923 0.903226 0.263923 0.904839 0.261501 0.906452 0.261501 0.908065 0.259080 0.909677 0.259080 0.911290 0.256659 0.912903 0.256659 0.914516 0.254237 0.916129 0.254237 0.917742 0.251816 0.919355 0.251816 0.920968 0.249395 0.920968 0.244552 0.922581 0.242131 0.922581 0.239709 0.924194 0.237288 0.924194 0.234867 0.925806 0.232446 0.927419 0.232446 0.929032 0.230024 0.930645 0.230024 0.932258 0.227603 0.933871 0.227603 0.935484 0.225182 0.946774 0.225182 0.948387 0.227603 0.954839 0.227603 0.956452 0.230024 0.962903 0.230024 0.964516 0.232446 0.970968 0.232446 0.972581 0.234867 0.974194 0.234867 0.975806 0.237288 0.977419 0.237288 0.979032 0.239709 0.980645 0.239709 0.982258 0.242131 0.983871 0.242131 0.987097 0.246973 0.988710 0.246973 0.990323 0.249395 0.991935 0.249395 0.993548 0.251816 0.995161 0.251816 0.996774 0.254237 0.998387 0.254237 1.000000 0.256659 1.000000 0.384988 0.998387 0.382567 0.995161 0.382567 0.993548 0.380145 0.988710 0.380145 0.987097 0.377724 0.982258 0.377724 0.980645 0.375303 0.975806 0.375303 0.974194 0.372881 0.970968 0.372881 0.969355 0.370460 0.964516 0.370460 0.962903 0.368039 0.958065 0.368039 0.956452 0.365617 0.951613 0.365617 0.950000 0.363196 0.945161 0.363196 0.943548 0.365617 0.941935 0.365617 0.940323 0.368039 0.938710 0.368039 0.937097 0.370460 0.935484 0.370460 0.933871 0.372881 0.932258 0.372881 0.930645 0.375303 0.929032 0.375303 0.927419 0.377724 0.925806 0.377724 0.924194 0.380145 0.922581 0.380145 0.920968 0.382567 0.919355 0.382567 0.917742 0.384988 0.916129 0.384988 0.914516 0.387409 0.912903 0.387409 0.911290 0.389830 0.909677 0.387409 0.904839 0.387409 0.903226 0.384988 0.896774 0.384988 0.895161 0.382567 0.870968 0.382567 0.869355 0.384988 0.866129 0.384988 0.864516 0.387409 0.859677 0.387409 0.858065 0.389830 0.858065 0.392252 0.856452 0.394673 0.856452 0.397094 0.854839 0.399516 0.854839 0.401937 0.853226 0.404358 0.853226 0.406780 0.851613 0.409201 0.851613 0.411622 0.850000 0.414044 0.850000 0.416465 0.846774 0.421308 0.846774 0.423729 0.841935 0.430993 0.841935 0.433414 0.837097 0.440678 0.837097 0.443099 0.830645 0.452785 0.827419 0.452785 0.825806 0.455206 0.822581 0.455206 0.820968 0.457627 0.817742 0.457627 0.816129 0.460048 0.812903 0.460048 0.811290 0.462470 0.808065 0.462470 0.806452 0.464891 0.803226 0.464891 0.801613 0.467312 0.796774 0.467312 0.795161 0.469734 0.796774 0.472155 0.798387 0.472155 0.814516 0.496368 0.814516 0.498789 0.819355 0.506053 0.819355 0.508475 0.824194 0.515738 0.824194 0.518160 0.825806 0.520581 0.825806 0.547216 0.824194 0.549637 0.822581 0.549637 0.820968 0.552058 0.819355 0.552058 0.817742 0.554479 0.816129 0.554479 0.814516 0.556901 0.812903 0.556901 0.811290 0.559322 0.809677 0.559322 0.808065 0.561743 0.806452 0.561743 0.804839 0.564165 0.803226 0.564165 0.801613 0.566586 0.800000 0.566586 0.798387 0.569007 0.796774 0.569007 0.795161 0.571429 0.793548 0.571429 0.791935 0.573850 0.791935 0.576271 0.788710 0.581114 0.788710 0.583535 0.785484 0.588378 0.785484 0.590799 0.782258 0.595642 0.782258 0.598063 0.779032 0.602906 0.780645 0.605327 0.780645 0.607748 0.782258 0.610169 0.782258 0.612591 0.783871 0.615012 0.783871 0.619855 0.785484 0.622276 0.785484 0.624697 0.787097 0.627119 0.787097 0.629540 0.788710 0.631961 0.788710 0.636804 0.804839 0.661017 0.806452 0.661017 0.808065 0.658596 0.808065 0.656174 0.811290 0.651332 0.811290 0.648910 0.814516 0.644068 0.817742 0.644068 0.819355 0.641647 0.822581 0.641647 0.824194 0.639225 0.827419 0.639225 0.829032 0.636804 0.833871 0.636804 0.835484 0.634383 0.838710 0.634383 0.840323 0.631961 0.843548 0.631961 0.845161 0.629540 0.850000 0.629540 0.851613 0.627119 0.854839 0.627119 0.856452 0.624697 0.859677 0.624697 0.861290 0.622276 0.866129 0.622276 0.867742 0.619855 0.870968 0.619855 0.872581 0.617433 0.875806 0.617433 0.877419 0.615012 0.882258 0.615012 0.885484 0.610169 0.887097 0.610169 0.888710 0.607748 0.890323 0.607748 0.891935 0.605327 0.893548 0.605327 0.895161 0.602906 0.896774 0.602906 0.898387 0.600484 0.900000 0.600484 0.904839 0.593220 0.906452 0.593220 0.909677 0.588378 0.911290 0.588378 0.914516 0.583535 0.916129 0.583535 0.919355 0.578692 0.920968 0.578692 0.924194 0.573850 0.925806 0.573850 0.929032 0.569007 0.930645 0.569007 0.933871 0.564165 0.935484 0.564165 0.938710 0.559322 0.940323 0.559322 0.943548 0.554479 0.945161 0.554479 0.948387 0.549637 0.950000 0.549637 0.953226 0.544794 0.954839 0.544794 0.958065 0.539952 0.959677 0.539952 0.962903 0.535109 0.964516 0.535109 0.966129 0.532688 0.967742 0.532688 0.969355 0.530266 0.970968 0.530266 0.974194 0.525424 0.975806 0.525424 0.977419 0.523002 0.979032 0.523002 0.980645 0.520581 0.982258 0.520581 0.983871 0.518160 0.985484 0.518160 0.988710 0.513317 0.990323 0.513317 0.991935 0.510896 0.993548 0.510896 0.995161 0.508475 0.996774 0.508475 0.998387 0.506053 1.000000 0.506053 1.000000 0.997579 0.033871 0.997579 0.033871 0.995157 0.040323 0.985472 0.040323 0.983051 0.046774 0.973366 0.046774 0.970944 0.054839 0.958838 0.054839 0.956416 0.058065 0.951574 0.058065 0.949153 0.061290 0.944310 0.061290 0.941889 0.066129 0.934625 0.066129 0.932203 0.069355 0.927361 0.069355 0.924939 0.072581 0.920097 0.072581 0.917676 0.077419 0.910412 0.077419 0.907990 0.080645 0.903148 0.080645 0.900726 0.083871 0.895884 0.083871 0.893462 0.088710 0.886199 0.088710 0.883777 0.091935 0.878935 0.091935 0.876513 0.095161 0.871671 0.095161 0.869249 0.100000 0.861985 0.100000 0.859564 0.104839 0.852300 0.104839 0.849879 0.111290 0.840194 0.111290 0.837772 0.116129 0.830508 0.116129 0.828087 0.122581 0.818402 0.122581 0.815981 0.129032 0.806295 0.129032 0.803874 0.133871 0.796610 0.133871 0.794189 0.140323 0.784504 0.140323 0.782082 0.146774 0.772397 0.146774 0.769976 0.151613 0.762712 0.151613 0.760291 0.158065 0.750605 0.158065 0.748184 0.164516 0.738499 0.164516 0.736077 0.167742 0.731235 0.167742 0.728814 0.170968 0.723971 0.170968 0.721550 0.174194 0.716707 0.174194 0.714286 0.177419 0.709443 0.177419 0.707022 0.180645 0.702179 0.180645 0.699758 0.201613 0.668281 0.203226 0.668281 0.222581 0.639225 0.224194 0.639225 0.240323 0.615012 0.241935 0.615012 0.243548 0.612591 0.243548 0.605327 0.245161 0.602906 0.245161 0.598063 0.246774 0.595642 0.246774 0.590799 0.248387 0.588378 0.248387 0.585956 0.250000 0.583535 0.250000 0.581114 0.253226 0.576271 0.253226 0.573850 0.256452 0.569007 0.256452 0.566586 0.259677 0.561743 0.259677 0.559322 0.266129 0.549637 0.267742 0.549637 0.270968 0.544794 0.272581 0.544794 0.275806 0.539952 0.277419 0.539952 0.280645 0.535109 0.282258 0.535109 0.322581 0.474576 0.324194 0.474576 0.327419 0.469734 0.329032 0.469734 0.332258 0.464891 0.333871 0.464891 0.337097 0.460048 0.338710 0.460048 0.341935 0.455206 0.343548 0.455206 0.345161 0.452785 0.346774 0.452785 0.348387 0.450363 0.350000 0.450363 0.351613 0.447942 0.354839 0.447942 0.356452 0.445521 0.359677 0.445521 0.361290 0.443099 0.364516 0.443099 0.366129 0.440678 0.369355 0.440678 0.370968 0.438257 0.369355 0.435835 0.369355 0.433414 0.367742 0.430993 0.367742 0.426150 0.366129 0.423729 0.366129 0.418886 0.364516 0.416465 0.364516 0.399516 0.362903 0.397094 0.362903 0.375303 0.364516 0.372881 0.364516 0.370460 0.366129 0.368039 0.366129 0.365617 0.369355 0.360775 0.369355 0.358354 0.370968 0.355932 0.370968 0.353511 0.372581 0.351090 0.372581 0.348668 0.375806 0.343826 0.375806 0.341404 0.377419 0.338983 0.377419 0.336562 0.375806 0.334140 0.372581 0.338983 0.370968 0.338983 0.369355 0.341404 0.367742 0.341404 0.364516 0.346247 0.362903 0.346247 0.359677 0.351090 0.358065 0.351090 0.356452 0.353511 0.356452 0.358354 0.354839 0.360775 0.354839 0.363196 0.353226 0.365617 0.353226 0.368039 0.351613 0.370460 0.351613 0.372881 0.350000 0.375303 0.350000 0.377724 0.348387 0.380145 0.348387 0.382567 0.346774 0.384988 0.346774 0.387409 0.338710 0.399516 0.337097 0.399516 0.329032 0.411622 0.327419 0.411622 0.320968 0.421308 0.319355 0.421308 0.314516 0.428571 0.312903 0.428571 0.311290 0.430993 0.311290 0.433414 0.308065 0.438257 0.308065 0.440678 0.304839 0.445521 0.304839 0.447942 0.301613 0.452785 0.300000 0.450363 0.298387 0.450363 0.296774 0.447942 0.295161 0.447942 0.291936 0.443099 0.291936 0.440678 0.290323 0.438257 0.290323 0.435835 0.287097 0.430993 0.287097 0.428571 0.285484 0.426150 0.285484 0.423729 0.283871 0.421308 0.282258 0.421308 0.279032 0.416465 0.277419 0.416465 0.274194 0.411622 0.272581 0.411622 0.269355 0.406780 0.267742 0.406780 0.264516 0.401937 0.240323 0.401937 0.238710 0.404358 0.232258 0.404358 0.230645 0.406780 0.224194 0.406780 0.222581 0.409201 0.217742 0.409201 0.216129 0.411622 0.209677 0.411622 0.208064 0.414044 0.201613 0.414044 0.200000 0.416465 0.195161 0.416465 0.193548 0.418886 0.187097 0.418886 0.185484 0.421308 0.179032 0.421308 0.177419 0.423729 0.175806 0.421308 0.166129 0.421308 0.164516 0.418886 0.153226 0.418886 0.151613 0.416465 0.148387 0.416465 0.146774 0.414044 0.143548 0.414044 0.141935 0.411622 0.138710 0.411622 0.137097 0.409201 0.133871 0.409201 0.132258 0.406780 0.129032 0.406780 0.129032 0.404358 0.130645 0.401937 0.130645 0.399516 0.132258 0.397094 0.132258 0.394673 0.133871 0.392252 0.133871 0.389830 0.135484 0.387409 0.135484 0.384988 0.137097 0.382567 0.137097 0.380145 0.140323 0.375303 0.132258 0.363196 0.120968 0.363196 0.119355 0.365617 0.106452 0.365617 0.108065 0.365617 0.109677 0.363196 0.111290 0.363196 0.112903 0.360775 0.116129 0.360775 0.119355 0.355932 0.120968 0.355932 0.122581 0.353511 0.114516 0.341404 0.108065 0.341404 0.106452 0.338983 0.079032 0.338983 0.077419 0.341404 0.066129 0.341404 0.064516 0.343826 0.062903 0.341404 0.061290 0.341404 0.059677 0.338983 0.050000 0.338983 0.048387 0.341404 0.041936 0.341404 0.040323 0.343826 0.033871 0.343826 0.032258 0.346247 0.029032 0.346247 0.027419 0.348668 0.024194 0.348668 0.022581 0.351090 0.004839 0.351090 0.003226 0.348668 0.003226 0.198547 0.003226 0.210654 0.004839 0.213075 0.004839 0.227603 0.006452 0.230024 0.009677 0.230024 0.011290 0.232446 0.014516 0.232446 0.016129 0.234867 0.019355 0.234867 0.020968 0.237288 0.022581 0.237288 0.024194 0.239709 0.040323 0.239709 0.041936 0.242131 0.058065 0.242131 0.059677 0.244552 0.067742 0.244552 0.069355 0.246973 0.077419 0.246973 0.079032 0.249395 0.091935 0.249395 0.093548 0.246973 0.098387 0.246973 0.100000 0.244552 0.103226 0.244552 0.104839 0.242131 0.109677 0.242131 0.111290 0.239709 0.143548 0.239709 0.145161 0.242131 0.150000 0.242131 0.151613 0.244552 0.156452 0.244552 0.158065 0.246973 0.162903 0.246973 0.164516 0.249395 0.183871 0.249395 0.185484 0.246973 0.230645 0.246973 0.232258 0.244552 0.233871 0.244552 0.235484 0.242131 0.237097 0.242131 0.238710 0.239709 0.240323 0.239709 0.241935 0.237288 0.243548 0.237288 0.246774 0.232446 0.248387 0.232446 0.250000 0.230024 0.251613 0.230024 0.253226 0.227603 0.254839 0.227603 0.256452 0.225182 0.258065 0.225182 0.259677 0.222760 0.258065 0.220339 0.256452 0.220339 0.253226 0.215496 0.251613 0.215496 0.248387 0.210654 0.246774 0.210654 0.243548 0.205811 0.241935 0.205811 0.237097 0.198547 0.237097 0.193705 0.235484 0.191283 0.235484 0.186441 0.233871 0.184019 0.232258 0.186441 0.230645 0.186441 0.227419 0.191283 0.225806 0.191283 0.224194 0.193705 0.191935 0.193705 0.190323 0.196126 0.188710 0.196126 0.187097 0.198547 0.185484 0.198547 0.183871 0.200969 0.182258 0.200969 0.180645 0.203390 0.179032 0.203390 0.177419 0.205811 0.175806 0.205811 0.174194 0.208232 0.172581 0.208232 0.170968 0.210654 0.169355 0.208232 0.166129 0.208232 0.164516 0.205811 0.161290 0.205811 0.159677 0.203390 0.156452 0.203390 0.154839 0.200969 0.151613 0.200969 0.150000 0.198547 0.145161 0.198547 0.143548 0.196126 0.140323 0.196126 0.138710 0.193705 0.135484 0.193705 0.133871 0.191283 0.122581 0.191283 0.120968 0.193705 0.112903 0.193705 0.111290 0.196126 0.109677 0.193705 0.106452 0.193705 0.104839 0.191283 0.101613 0.191283 0.100000 0.188862 0.096774 0.188862 0.095161 0.186441 0.091935 0.186441 0.090323 0.184019 0.085484 0.184019 0.083871 0.181598 0.080645 0.181598 0.079032 0.179177 0.075806 0.179177 0.074194 0.176755 0.070968 0.176755 0.069355 0.174334 0.030645 0.174334 0.027419 0.169492 0.027419 0.167070 0.024194 0.162228 0.024194 0.159806 0.022581 0.157385 0.022581 0.154964 0.024194 0.152542 0.025806 0.152542 0.029032 0.147700 0.030645 0.147700 0.032258 0.145278 0.033871 0.145278 0.037097 0.140436 0.038710 0.140436 0.040323 0.138015 0.041936 0.138015 0.045161 0.133172 0.046774 0.133172 0.048387 0.130751 0.050000 0.130751 0.051613 0.128329 0.054839 0.128329 0.056452 0.125908 0.059677 0.125908 0.061290 0.123487 0.064516 0.123487 0.066129 0.121065 0.069355 0.121065 0.070968 0.118644 0.075806 0.118644 0.077419 0.116223 0.080645 0.116223 0.082258 0.113801 0.085484 0.113801 0.087097 0.111380 0.090323 0.111380 0.091935 0.108959 0.095161 0.108959 0.096774 0.106538 0.101613 0.106538 0.103226 0.104116 0.117742 0.104116 0.119355 0.101695 0.145161 0.101695 0.146774 0.104116 0.153226 0.104116 0.154839 0.106538 0.159677 0.106538 0.161290 0.104116 0.158065 0.099274 0.158065 0.075061 0.159677 0.072639 0.159677 0.070218 0.162903 0.065375 0.161290 0.062954 0.156452 0.062954 0.153226 0.067797 0.153226 0.070218 0.151613 0.072639 0.151613 0.075061 0.150000 0.077482 0.148387 0.075061 0.145161 0.075061 0.143548 0.072639 0.137097 0.072639 0.135484 0.075061 0.133871 0.075061 0.132258 0.077482 0.130645 0.077482 0.129032 0.079903 0.119355 0.079903 0.117742 0.077482 0.096774 0.077482 0.095161 0.079903 0.087097 0.079903 0.085484 0.082324 0.075806 0.082324 0.074194 0.084746 0.069355 0.084746 0.067742 0.087167 0.061290 0.087167 0.059677 0.089588 0.059677 0.092010 0.054839 0.099274 0.053226 0.099274 0.051613 0.101695 0.050000 0.101695 0.048387 0.104116 0.045161 0.104116 0.043548 0.106538 0.030645 0.106538 0.030645 0.104116 0.040323 0.089588 0.041936 0.089588 0.043548 0.087167 0.045161 0.087167 0.046774 0.084746 0.048387 0.084746 0.050000 0.082324 0.053226 0.082324 0.054839 0.079903 0.056452 0.079903 0.058065 0.077482 0.059677 0.077482 0.061290 0.075061 0.064516 0.075061 0.066129 0.072639 0.064516 0.070218 0.061290 0.070218 0.059677 0.067797 0.058065 0.067797 0.056452 0.065375 0.054839 0.065375 0.054839 0.031477 0.056452 0.029056 0.056452 0.021792 0.058065 0.019370 0.058065 0.014528 0.059677 0.012107 0.061290 0.012107 0.062903 0.009685 0.064516 0.009685 0.066129 0.007264 0.069355 0.007264 0.070968 0.004843 0.130645 0.004843 0.130645 0.012107 0.132258 0.014528 0.132258 0.016949 0.133871 0.019370 0.133871 0.024213 0.135484 0.026634 0.135484 0.031477 0.137097 0.033898 0.138710 0.033898 0.143548 0.041162 0.159677 0.041162 0.161290 0.043584 0.162903 0.043584 0.164516 0.046005 0.166129 0.046005 0.169355 0.050847 0.193548 0.050847 0.195161 0.048426 0.204839 0.048426 0.208064 0.043584 0.209677 0.043584 0.211290 0.041162 0.212903 0.041162 0.214516 0.038741 0.216129 0.038741 0.217742 0.036320 0.219355 0.036320 0.220968 0.033898 0.220968 0.031477 0.222581 0.029056 0.222581 0.026634 0.224194 0.024213 0.224194 0.021792 0.225806 0.019370 0.227419 0.019370 0.229032 0.016949 0.230645 0.016949 0.232258 0.014528 0.240323 0.014528 0.241935 0.012107 0.241935 0.009685 0.243548 0.007264 0.243548 0.004843 0.245161 0.002421
0 0.637097 0.002421 0.637097 0.004843 0.635484 0.007264 0.635484 0.009685 0.633871 0.012107 0.633871 0.014528 0.632258 0.016949 0.632258 0.019370 0.630645 0.021792 0.629032 0.021792 0.627419 0.024213 0.622581 0.024213 0.620968 0.026634 0.614516 0.026634 0.617742 0.026634 0.619355 0.024213 0.622581 0.024213 0.624194 0.021792 0.627419 0.021792 0.629032 0.019370 0.629032 0.002421
0 0.803226 0.002421 0.804839 0.004843 0.804839 0.012107 0.796774 0.012107 0.793548 0.016949 0.791935 0.016949 0.790323 0.019370 0.788710 0.019370 0.782258 0.029056 0.780645 0.029056 0.779032 0.031477 0.780645 0.033898 0.780645 0.048426 0.779032 0.050847 0.777419 0.050847 0.775806 0.053269 0.774194 0.053269 0.772581 0.055690 0.770968 0.055690 0.769355 0.058111 0.767742 0.058111 0.766129 0.060533 0.764516 0.060533 0.762903 0.062954 0.762903 0.067797 0.761290 0.070218 0.761290 0.075061 0.759677 0.077482 0.759677 0.079903 0.758065 0.082324 0.758065 0.087167 0.751613 0.087167 0.751613 0.067797 0.753226 0.065375 0.754839 0.065375 0.756452 0.062954 0.758065 0.062954 0.759677 0.060533 0.761290 0.060533 0.762903 0.058111 0.764516 0.058111 0.766129 0.055690 0.767742 0.055690 0.769355 0.053269 0.770968 0.053269 0.772581 0.050847 0.772581 0.046005 0.774194 0.043584 0.774194 0.041162 0.775806 0.038741 0.774194 0.036320 0.772581 0.036320 0.770968 0.033898 0.774194 0.029056 0.775806 0.029056 0.777419 0.026634 0.779032 0.026634 0.787097 0.014528 0.785484 0.012107 0.783871 0.012107 0.782258 0.009685 0.783871 0.009685 0.785484 0.007264 0.787097 0.007264 0.788710 0.004843 0.790323 0.004843 0.791935 0.002421
0 0.856452 0.002421 0.858065 0.004843 0.858065 0.012107 0.859677 0.014528 0.859677 0.016949 0.861290 0.019370 0.874194 0.019370 0.875806 0.021792 0.885484 0.021792 0.887097 0.024213 0.890323 0.024213 0.891935 0.026634 0.904839 0.026634 0.906452 0.024213 0.906452 0.021792 0.909677 0.016949 0.909677 0.004843 0.916129 0.004843 0.919355 0.009685 0.922581 0.009685 0.922581 0.019370 0.920968 0.021792 0.920968 0.024213 0.911290 0.038741 0.911290 0.041162 0.906452 0.048426 0.903226 0.048426 0.900000 0.043584 0.895161 0.043584 0.893548 0.041162 0.888710 0.041162 0.887097 0.038741 0.882258 0.038741 0.880645 0.036320 0.875806 0.036320 0.874194 0.033898 0.870968 0.033898 0.869355 0.036320 0.869355 0.048426 0.861290 0.048426 0.861290 0.043584 0.859677 0.041162 0.859677 0.033898 0.851613 0.021792 0.851613 0.002421
