0 0.898305 0.973529 0.896186 0.976471 0.894068 0.976471 0.891949 0.979412 0.891949 0.982353 0.887712 0.988235 0.887712 0.994118 0.889831 0.997059 0.921610 0.997059 0.921610 0.979412 0.917373 0.973529
0 0.546610 0.911765 0.546610 0.920588 0.544492 0.923529 0.544492 0.926471 0.546610 0.929412 0.550847 0.929412 0.550847 0.917647 0.552966 0.914706 0.555085 0.914706 0.557203 0.911765
0 0.565678 0.861765 0.576271 0.876471 0.580508 0.876471 0.582627 0.873529 0.584746 0.873529 0.586864 0.870588 0.588983 0.870588 0.593220 0.864706 0.586864 0.864706 0.584746 0.861765
0 0.514831 0.850000 0.514831 0.852941 0.519068 0.852941 0.521186 0.850000
0 0.463983 0.841176 0.461864 0.844118 0.447034 0.844118 0.444915 0.847059 0.440678 0.847059 0.438559 0.850000 0.427966 0.850000 0.436441 0.861765 0.438559 0.861765 0.440678 0.864706 0.461864 0.864706 0.463983 0.867647 0.463983 0.870588 0.461864 0.873529 0.463983 0.876471 0.463983 0.879412 0.468220 0.885294 0.468220 0.888235 0.472458 0.894118 0.474576 0.891176 0.480932 0.891176 0.483051 0.888235 0.489407 0.888235 0.493644 0.894118 0.491525 0.897059 0.489407 0.897059 0.485170 0.902941 0.485170 0.905882 0.487288 0.908824 0.489407 0.905882 0.508475 0.905882 0.512712 0.911765 0.514831 0.911765 0.516949 0.914706 0.531780 0.914706 0.533898 0.911765 0.536017 0.911765 0.538136 0.908824 0.523305 0.908824 0.521186 0.905882 0.521186 0.885294 0.519068 0.882353 0.512712 0.882353 0.510593 0.885294 0.508475 0.885294 0.506356 0.888235 0.504237 0.888235 0.502119 0.891176 0.500000 0.888235 0.500000 0.879412 0.495763 0.873529 0.487288 0.873529 0.485170 0.870588 0.470339 0.870588 0.468220 0.867647 0.468220 0.861765 0.466102 0.858824 0.468220 0.855882 0.468220 0.847059 0.470339 0.844118 0.476695 0.844118 0.478814 0.841176
0 0.588983 0.826471 0.588983 0.829412 0.593220 0.829412 0.595339 0.826471
0 0.542373 0.814706 0.540254 0.817647 0.538136 0.817647 0.544492 0.817647 0.544492 0.814706
0 0.567797 0.805882 0.567797 0.814706 0.578390 0.814706 0.580508 0.811765 0.586864 0.811765 0.588983 0.808824 0.588983 0.805882
0 0.036017 0.711765 0.033898 0.714706 0.029661 0.714706 0.027542 0.717647 0.023305 0.717647 0.021186 0.720588 0.016949 0.720588 0.014831 0.723529 0.002119 0.723529 0.002119 0.997059 0.480932 0.997059 0.480932 0.988235 0.483051 0.985294 0.483051 0.982353 0.485170 0.979412 0.485170 0.973529 0.474576 0.973529 0.472458 0.976471 0.470339 0.976471 0.470339 0.985294 0.468220 0.988235 0.463983 0.988235 0.461864 0.991176 0.451271 0.991176 0.449153 0.988235 0.417373 0.988235 0.415254 0.991176 0.413136 0.991176 0.411017 0.994118 0.408898 0.994118 0.406780 0.997059 0.396186 0.997059 0.394068 0.994118 0.389830 0.994118 0.387712 0.991176 0.391949 0.985294 0.391949 0.982353 0.394068 0.979412 0.402542 0.979412 0.404661 0.976471 0.411017 0.976471 0.413136 0.973529 0.417373 0.973529 0.419492 0.970588 0.423729 0.970588 0.425847 0.967647 0.427966 0.967647 0.430085 0.964706 0.434322 0.964706 0.436441 0.961765 0.438559 0.961765 0.440678 0.958824 0.442797 0.958824 0.444915 0.955882 0.444915 0.950000 0.438559 0.950000 0.436441 0.947059 0.430085 0.947059 0.427966 0.944118 0.427966 0.938235 0.430085 0.935294 0.432203 0.935294 0.434322 0.932353 0.436441 0.932353 0.438559 0.929412 0.447034 0.929412 0.451271 0.923529 0.451271 0.917647 0.447034 0.911765 0.444915 0.911765 0.442797 0.908824 0.438559 0.908824 0.436441 0.905882 0.436441 0.902941 0.434322 0.900000 0.436441 0.897059 0.438559 0.897059 0.440678 0.894118 0.440678 0.891176 0.438559 0.891176 0.436441 0.888235 0.438559 0.885294 0.438559 0.879412 0.427966 0.864706 0.425847 0.864706 0.423729 0.861765 0.423729 0.852941 0.408898 0.852941 0.406780 0.855882 0.398305 0.855882 0.396186 0.858824 0.389830 0.858824 0.387712 0.861765 0.383475 0.861765 0.381356 0.864706 0.375000 0.864706 0.364407 0.850000 0.364407 0.847059 0.358051 0.838235 0.355932 0.838235 0.353814 0.835294 0.349576 0.835294 0.347458 0.832353 0.343220 0.832353 0.341102 0.829412 0.336864 0.829412 0.334746 0.826471 0.334746 0.814706 0.298729 0.814706 0.292373 0.805882 0.292373 0.788235 0.279661 0.788235 0.277542 0.785294 0.264830 0.785294 0.262712 0.782353 0.241525 0.782353 0.239407 0.779412 0.241525 0.776471 0.243644 0.776471 0.245763 0.773529 0.247881 0.773529 0.250000 0.770588 0.256356 0.770588 0.260593 0.764706 0.235169 0.764706 0.230932 0.770588 0.226695 0.770588 0.224576 0.773529 0.222458 0.773529 0.220339 0.770588 0.220339 0.767647 0.218220 0.764706 0.218220 0.758824 0.207627 0.758824 0.205508 0.761765 0.197034 0.761765 0.194915 0.764706 0.188559 0.764706 0.186441 0.767647 0.175847 0.767647 0.173729 0.770588 0.163136 0.770588 0.161017 0.773529 0.141949 0.773529 0.131356 0.758824 0.129237 0.758824 0.127119 0.755882 0.125000 0.755882 0.122881 0.752941 0.118644 0.752941 0.116525 0.750000 0.097458 0.750000 0.084746 0.732353 0.069915 0.732353 0.067797 0.729412 0.067797 0.726471 0.061441 0.717647 0.059322 0.717647 0.057203 0.714706 0.055085 0.714706 0.052966 0.711765
0 0.209746 0.676471 0.205508 0.682353 0.199153 0.682353 0.197034 0.685294 0.197034 0.688235 0.207627 0.702941 0.209746 0.702941 0.213983 0.708824 0.222458 0.708824 0.222458 0.702941 0.224576 0.700000 0.224576 0.694118 0.222458 0.691176 0.220339 0.691176 0.218220 0.688235 0.218220 0.679412 0.216102 0.676471
0 0.983051 0.658824 0.980932 0.661765 0.949153 0.661765 0.947034 0.664706 0.942797 0.664706 0.940678 0.667647 0.938559 0.667647 0.936441 0.670588 0.934322 0.670588 0.932203 0.673529 0.923729 0.673529 0.921610 0.676471 0.915254 0.676471 0.913136 0.679412 0.906780 0.679412 0.904661 0.682353 0.900424 0.682353 0.898305 0.685294 0.894068 0.685294 0.891949 0.688235 0.887712 0.688235 0.885593 0.691176 0.881356 0.691176 0.879237 0.694118 0.877119 0.694118 0.875000 0.697059 0.866525 0.697059 0.864407 0.700000 0.815678 0.700000 0.805085 0.714706 0.783898 0.714706 0.781780 0.711765 0.775424 0.711765 0.773305 0.708824 0.766949 0.708824 0.764831 0.705882 0.758475 0.705882 0.756356 0.702941 0.741525 0.702941 0.739407 0.705882 0.735169 0.705882 0.733051 0.708824 0.730932 0.708824 0.724576 0.717647 0.699153 0.717647 0.697034 0.720588 0.692797 0.720588 0.690678 0.723529 0.688559 0.723529 0.686441 0.726471 0.684322 0.726471 0.682203 0.729412 0.680085 0.729412 0.677966 0.732353 0.675847 0.732353 0.675847 0.747059 0.673729 0.750000 0.673729 0.764706 0.671610 0.767647 0.641949 0.767647 0.639831 0.764706 0.633475 0.764706 0.625000 0.776471 0.625000 0.782353 0.627119 0.785294 0.627119 0.791176 0.629237 0.794118 0.629237 0.800000 0.635593 0.808824 0.646186 0.794118 0.656780 0.794118 0.669492 0.811765 0.661017 0.823529 0.661017 0.829412 0.663136 0.832353 0.663136 0.835294 0.665254 0.838235 0.673729 0.838235 0.675847 0.841176 0.684322 0.841176 0.686441 0.844118 0.688559 0.844118 0.690678 0.847059 0.692797 0.847059 0.694915 0.850000 0.697034 0.850000 0.699153 0.852941 0.699153 0.855882 0.722458 0.888235 0.730932 0.888235 0.739407 0.900000 0.747881 0.900000 0.750000 0.902941 0.758475 0.902941 0.760593 0.905882 0.758475 0.908824 0.752119 0.908824 0.752119 0.911765 0.756356 0.917647 0.754237 0.920588 0.750000 0.920588 0.747881 0.923529 0.743644 0.923529 0.741525 0.926471 0.741525 0.932353 0.743644 0.932353 0.745763 0.935294 0.750000 0.935294 0.754237 0.941176 0.756356 0.941176 0.758475 0.944118 0.762712 0.938235 0.764831 0.938235 0.766949 0.935294 0.766949 0.926471 0.769068 0.923529 0.855932 0.923529 0.858051 0.926471 0.858051 0.932353 0.860169 0.935294 0.860169 0.938235 0.864407 0.944118 0.866525 0.944118 0.868644 0.947059 0.870763 0.947059 0.872881 0.950000 0.872881 0.929412 0.875000 0.926471 0.915254 0.926471 0.917373 0.929412 0.919492 0.929412 0.921610 0.932353 0.925847 0.932353 0.927966 0.935294 0.949153 0.935294 0.951271 0.938235 0.959746 0.938235 0.961864 0.941176 0.953390 0.952941 0.953390 0.955882 0.955508 0.958824 0.957627 0.958824 0.959746 0.961765 0.961864 0.961765 0.963983 0.964706 0.968220 0.964706 0.970339 0.967647 0.974576 0.967647 0.976695 0.970588 0.976695 0.973529 0.980932 0.979412 0.980932 0.982353 0.985169 0.988235 0.989407 0.988235 0.991525 0.985294 0.993644 0.985294 0.995763 0.982353 0.997881 0.982353 0.997881 0.658824
0 0.171610 0.570588 0.169492 0.573529 0.167373 0.573529 0.165254 0.576471 0.163136 0.576471 0.161017 0.579412 0.158898 0.579412 0.156780 0.582353 0.154661 0.582353 0.152542 0.585294 0.152542 0.600000 0.150424 0.602941 0.148305 0.602941 0.146186 0.605882 0.146186 0.614706 0.156780 0.629412 0.165254 0.629412 0.167373 0.626471 0.173729 0.626471 0.173729 0.620588 0.171610 0.617647 0.171610 0.614706 0.163136 0.602941 0.161017 0.602941 0.158898 0.600000 0.161017 0.597059 0.161017 0.585294 0.163136 0.582353 0.167373 0.582353 0.169492 0.579412 0.171610 0.579412 0.173729 0.576471 0.177966 0.576471 0.177966 0.573529 0.175847 0.570588
