0 0.988710 0.474576 0.985484 0.479419 0.985484 0.481840 0.987097 0.484262 0.987097 0.486683 0.988710 0.489104 0.991935 0.489104 0.993548 0.486683 0.995161 0.486683 0.996774 0.484262 0.996774 0.476998 0.995161 0.476998 0.993548 0.474576
0 0.737097 0.460048 0.735484 0.462470 0.735484 0.474576 0.733871 0.476998 0.716129 0.476998 0.714516 0.474576 0.709677 0.474576 0.708064 0.472155 0.693548 0.472155 0.693548 0.486683 0.696774 0.486683 0.698387 0.489104 0.701613 0.489104 0.703226 0.491525 0.706452 0.491525 0.709677 0.496368 0.711290 0.496368 0.712903 0.498789 0.714516 0.498789 0.716129 0.501211 0.717742 0.501211 0.720968 0.506053 0.722581 0.506053 0.724194 0.508475 0.725806 0.508475 0.727419 0.510896 0.729032 0.510896 0.730645 0.513317 0.740323 0.513317 0.741935 0.515738 0.743548 0.515738 0.746774 0.520581 0.748387 0.520581 0.751613 0.525424 0.753226 0.525424 0.756452 0.530266 0.758065 0.530266 0.761290 0.535109 0.762903 0.535109 0.764516 0.537530 0.764516 0.564165 0.766129 0.566586 0.766129 0.569007 0.767742 0.571429 0.767742 0.573850 0.769355 0.576271 0.769355 0.578692 0.770968 0.581114 0.770968 0.583535 0.783871 0.602906 0.785484 0.602906 0.787097 0.605327 0.787097 0.607748 0.788710 0.610169 0.788710 0.612591 0.790323 0.615012 0.790323 0.617433 0.791936 0.619855 0.791936 0.622276 0.793548 0.624697 0.793548 0.627119 0.795161 0.629540 0.795161 0.631961 0.796774 0.634383 0.796774 0.636804 0.798387 0.639225 0.798387 0.641647 0.800000 0.644068 0.800000 0.646489 0.811290 0.663438 0.812903 0.663438 0.820968 0.675545 0.822581 0.675545 0.830645 0.687651 0.832258 0.687651 0.853226 0.719128 0.854839 0.719128 0.856452 0.721550 0.854839 0.723971 0.854839 0.738499 0.853226 0.740920 0.853226 0.757869 0.879032 0.796610 0.879032 0.799031 0.885484 0.808717 0.885484 0.811138 0.891935 0.820823 0.891935 0.823245 0.898387 0.832930 0.898387 0.835351 0.903226 0.842615 0.903226 0.845036 0.908065 0.852300 0.908065 0.854722 0.914516 0.864407 0.914516 0.866828 0.919355 0.874092 0.919355 0.876513 0.924194 0.883777 0.924194 0.886199 0.933871 0.900726 0.935484 0.900726 0.940323 0.907990 0.941935 0.907990 0.946774 0.915254 0.948387 0.915254 0.951613 0.920097 0.953226 0.920097 0.954839 0.922518 0.954839 0.924939 0.956452 0.927361 0.956452 0.929782 0.958064 0.932203 0.958064 0.934625 0.959677 0.937046 0.959677 0.939467 0.962903 0.944310 0.962903 0.951574 0.964516 0.953995 0.964516 0.958838 0.966129 0.961259 0.966129 0.966102 0.967742 0.968523 0.967742 0.970944 0.975806 0.983051 0.975806 0.985472 0.982258 0.995157 0.998387 0.995157 0.998387 0.525424 0.991935 0.525424 0.990323 0.523002 0.985484 0.523002 0.983871 0.520581 0.979032 0.520581 0.977419 0.518160 0.958064 0.518160 0.956452 0.520581 0.956452 0.530266 0.954839 0.532688 0.940323 0.532688 0.938710 0.535109 0.929032 0.535109 0.927419 0.537530 0.924194 0.537530 0.922581 0.539952 0.920968 0.539952 0.919355 0.542373 0.914516 0.542373 0.908065 0.552058 0.906452 0.552058 0.901613 0.559322 0.879032 0.559322 0.877419 0.561743 0.862903 0.561743 0.853226 0.547216 0.841935 0.547216 0.840323 0.549637 0.837097 0.549637 0.835484 0.552058 0.832258 0.552058 0.830645 0.554479 0.824194 0.554479 0.822581 0.552058 0.820968 0.552058 0.819355 0.549637 0.817742 0.549637 0.816129 0.547216 0.806452 0.547216 0.804839 0.544794 0.804839 0.539952 0.803226 0.537530 0.803226 0.532688 0.801613 0.530266 0.801613 0.527845 0.800000 0.525424 0.800000 0.523002 0.798387 0.520581 0.798387 0.518160 0.796774 0.515738 0.796774 0.510896 0.795161 0.508475 0.795161 0.506053 0.793548 0.503632 0.793548 0.501211 0.791936 0.498789 0.791936 0.496368 0.777419 0.474576 0.766129 0.474576 0.764516 0.472155 0.753226 0.472155 0.748387 0.464891 0.746774 0.464891 0.743548 0.460048
0 0.040323 0.198547 0.038710 0.200969 0.038710 0.203390 0.041935 0.208232 0.043548 0.205811 0.048387 0.205811 0.050000 0.208232 0.051613 0.208232 0.053226 0.210654 0.059677 0.210654 0.061290 0.208232 0.061290 0.203390 0.059677 0.200969 0.059677 0.198547
0 0.182258 0.162228 0.182258 0.164649 0.188710 0.164649 0.188710 0.162228
0 0.101613 0.147700 0.100000 0.150121 0.100000 0.179177 0.101613 0.181598 0.096774 0.188862 0.096774 0.191283 0.098387 0.191283 0.104839 0.181598 0.104839 0.176755 0.103226 0.174334 0.103226 0.154964 0.106452 0.150121 0.106452 0.147700
0 0.187097 0.133172 0.187097 0.135593 0.188710 0.138015 0.195161 0.138015 0.193548 0.135593 0.193548 0.133172
0 0.054839 0.111380 0.051613 0.116223 0.051613 0.121065 0.058065 0.121065 0.059677 0.118644 0.059677 0.111380
0 0.132258 0.104116 0.132258 0.106538 0.137097 0.106538 0.137097 0.104116
0 0.448387 0.079903 0.453226 0.079903 0.454839 0.082324 0.466129 0.082324 0.461290 0.082324 0.459677 0.079903
0 0.287097 0.079903 0.287097 0.082324 0.285484 0.084746 0.285484 0.087167 0.283871 0.089588 0.283871 0.092010 0.285484 0.094431 0.287097 0.094431 0.288710 0.096852 0.293548 0.096852 0.293548 0.092010 0.295161 0.089588 0.295161 0.079903
0 0.700000 0.077482 0.701613 0.079903 0.701613 0.082324 0.704839 0.087167 0.706452 0.087167 0.708064 0.089588 0.709677 0.087167 0.712903 0.092010 0.716129 0.092010 0.717742 0.089588 0.717742 0.087167 0.711290 0.087167 0.704839 0.077482
0 0.625806 0.055690 0.629032 0.060533 0.630645 0.060533 0.632258 0.062954 0.633871 0.062954 0.635484 0.065375 0.638710 0.065375 0.640323 0.067797 0.643548 0.067797 0.651613 0.079903 0.651613 0.082324 0.653226 0.084746 0.654839 0.084746 0.656452 0.087167 0.658065 0.087167 0.659677 0.089588 0.661290 0.089588 0.664516 0.094431 0.666129 0.094431 0.667742 0.096852 0.669355 0.094431 0.672581 0.094431 0.674194 0.096852 0.675806 0.096852 0.677419 0.099274 0.679032 0.099274 0.680645 0.101695 0.688710 0.101695 0.690323 0.104116 0.691935 0.104116 0.693548 0.106538 0.695161 0.106538 0.696774 0.108959 0.698387 0.108959 0.700000 0.111380 0.704839 0.111380 0.706452 0.113801 0.708064 0.113801 0.709677 0.116223 0.708064 0.118644 0.708064 0.121065 0.706452 0.123487 0.704839 0.123487 0.703226 0.125908 0.703226 0.133172 0.701613 0.135593 0.696774 0.135593 0.695161 0.138015 0.693548 0.138015 0.691935 0.140436 0.690323 0.140436 0.688710 0.142857 0.688710 0.145278 0.687097 0.147700 0.687097 0.150121 0.688710 0.150121 0.691935 0.145278 0.691935 0.142857 0.693548 0.140436 0.703226 0.140436 0.709677 0.130751 0.709677 0.123487 0.712903 0.118644 0.716129 0.118644 0.717742 0.121065 0.720968 0.121065 0.722581 0.123487 0.725806 0.123487 0.727419 0.121065 0.745161 0.121065 0.746774 0.118644 0.748387 0.118644 0.751613 0.113801 0.753226 0.113801 0.754839 0.111380 0.766129 0.111380 0.769355 0.116223 0.770968 0.116223 0.772581 0.118644 0.772581 0.116223 0.774194 0.113801 0.779032 0.113801 0.780645 0.116223 0.790323 0.116223 0.791936 0.118644 0.798387 0.118644 0.796774 0.118644 0.795161 0.116223 0.791936 0.116223 0.790323 0.113801 0.787097 0.113801 0.785484 0.111380 0.779032 0.111380 0.777419 0.108959 0.743548 0.108959 0.743548 0.116223 0.741935 0.118644 0.727419 0.118644 0.725806 0.116223 0.722581 0.116223 0.720968 0.113801 0.716129 0.113801 0.714516 0.111380 0.711290 0.111380 0.709677 0.108959 0.706452 0.108959 0.704839 0.106538 0.700000 0.106538 0.698387 0.104116 0.693548 0.104116 0.690323 0.099274 0.688710 0.099274 0.687097 0.096852 0.685484 0.096852 0.683871 0.094431 0.685484 0.092010 0.685484 0.082324 0.683871 0.079903 0.667742 0.079903 0.669355 0.082324 0.670968 0.082324 0.672581 0.084746 0.679032 0.084746 0.682258 0.089588 0.679032 0.094431 0.675806 0.094431 0.674194 0.092010 0.669355 0.092010 0.667742 0.089588 0.666129 0.089588 0.664516 0.087167 0.661290 0.087167 0.659677 0.084746 0.656452 0.084746 0.654839 0.082324 0.654839 0.077482 0.650000 0.070218 0.648387 0.070218 0.643548 0.062954 0.637097 0.062954 0.635484 0.060533 0.630645 0.060533 0.627419 0.055690
0 0.298387 0.019370 0.298387 0.024213 0.296774 0.026634 0.296774 0.031477 0.295161 0.033898 0.295161 0.038741 0.298387 0.043584 0.298387 0.046005 0.304839 0.055690 0.306452 0.055690 0.308065 0.058111 0.309677 0.058111 0.311290 0.060533 0.312903 0.060533 0.314516 0.062954 0.316129 0.062954 0.317742 0.065375 0.317742 0.067797 0.319355 0.070218 0.319355 0.072639 0.320968 0.075061 0.320968 0.077482 0.335484 0.077482 0.337097 0.075061 0.353226 0.075061 0.354839 0.077482 0.356452 0.075061 0.359677 0.075061 0.361290 0.072639 0.362903 0.072639 0.366129 0.067797 0.367742 0.067797 0.369355 0.065375 0.372581 0.065375 0.375806 0.060533 0.379032 0.065375 0.377419 0.067797 0.377419 0.072639 0.379032 0.075061 0.380645 0.072639 0.382258 0.072639 0.383871 0.070218 0.383871 0.065375 0.385484 0.062954 0.385484 0.055690 0.372581 0.055690 0.372581 0.058111 0.370968 0.060533 0.366129 0.060533 0.364516 0.062954 0.361290 0.062954 0.359677 0.065375 0.358065 0.065375 0.356452 0.067797 0.343548 0.067797 0.341935 0.065375 0.340323 0.065375 0.338710 0.062954 0.335484 0.062954 0.333871 0.060533 0.333871 0.058111 0.332258 0.055690 0.332258 0.053269 0.330645 0.050847 0.330645 0.048426 0.325806 0.041162 0.312903 0.041162 0.311290 0.038741 0.311290 0.026634 0.309677 0.024213 0.308065 0.024213 0.306452 0.021792 0.304839 0.021792 0.303226 0.019370
0 0.414516 0.016949 0.419355 0.024213 0.417742 0.026634 0.412903 0.026634 0.417742 0.026634 0.420968 0.031477 0.419355 0.033898 0.417742 0.033898 0.416129 0.036320 0.417742 0.036320 0.419355 0.038741 0.420968 0.036320 0.422581 0.038741 0.422581 0.043584 0.424194 0.046005 0.446774 0.046005 0.448387 0.048426 0.451613 0.048426 0.453226 0.050847 0.453226 0.053269 0.456452 0.058111 0.456452 0.065375 0.458065 0.065375 0.459677 0.067797 0.461290 0.067797 0.462903 0.070218 0.474194 0.070218 0.475806 0.072639 0.487097 0.072639 0.488710 0.075061 0.501613 0.075061 0.503226 0.077482 0.506452 0.077482 0.508065 0.079903 0.511290 0.079903 0.512903 0.082324 0.520968 0.082324 0.522581 0.084746 0.529032 0.084746 0.530645 0.087167 0.532258 0.087167 0.533871 0.089588 0.537097 0.089588 0.538710 0.092010 0.541936 0.092010 0.543548 0.094431 0.545161 0.094431 0.546774 0.096852 0.548387 0.096852 0.550000 0.099274 0.551613 0.099274 0.553226 0.101695 0.554839 0.099274 0.582258 0.099274 0.583871 0.096852 0.612903 0.096852 0.617742 0.104116 0.619355 0.104116 0.622581 0.108959 0.622581 0.111380 0.620968 0.113801 0.620968 0.118644 0.622581 0.121065 0.624194 0.118644 0.624194 0.113801 0.627419 0.108959 0.635484 0.121065 0.637097 0.121065 0.638710 0.123487 0.637097 0.125908 0.635484 0.125908 0.635484 0.128329 0.633871 0.130751 0.633871 0.133172 0.632258 0.135593 0.630645 0.135593 0.630645 0.138015 0.633871 0.138015 0.635484 0.135593 0.635484 0.133172 0.637097 0.130751 0.640323 0.130751 0.640323 0.123487 0.638710 0.121065 0.638710 0.118644 0.635484 0.113801 0.635484 0.108959 0.632258 0.104116 0.630645 0.104116 0.629032 0.101695 0.627419 0.101695 0.625806 0.099274 0.624194 0.099274 0.622581 0.096852 0.619355 0.096852 0.617742 0.094431 0.617742 0.092010 0.614516 0.087167 0.608065 0.087167 0.608065 0.089588 0.609677 0.092010 0.608065 0.094431 0.583871 0.094431 0.583871 0.096852 0.582258 0.099274 0.567742 0.099274 0.566129 0.096852 0.566129 0.079903 0.564516 0.079903 0.562903 0.077482 0.559677 0.077482 0.558065 0.075061 0.550000 0.075061 0.551613 0.075061 0.553226 0.077482 0.554839 0.077482 0.556452 0.079903 0.561290 0.079903 0.562903 0.082324 0.562903 0.084746 0.564516 0.087167 0.564516 0.096852 0.562903 0.099274 0.558065 0.099274 0.556452 0.096852 0.548387 0.096852 0.546774 0.094431 0.545161 0.094431 0.543548 0.092010 0.541936 0.092010 0.540323 0.089588 0.538710 0.089588 0.537097 0.087167 0.535484 0.087167 0.533871 0.084746 0.524194 0.084746 0.522581 0.082324 0.514516 0.082324 0.512903 0.079903 0.508065 0.079903 0.506452 0.077482 0.504839 0.077482 0.503226 0.075061 0.493548 0.075061 0.491935 0.072639 0.491935 0.070218 0.488710 0.070218 0.487097 0.072639 0.479032 0.072639 0.477419 0.070218 0.477419 0.065375 0.474194 0.060533 0.472581 0.060533 0.462903 0.046005 0.461290 0.046005 0.459677 0.043584 0.459677 0.026634 0.454839 0.026634 0.454839 0.033898 0.456452 0.036320 0.456452 0.038741 0.458065 0.041162 0.458065 0.043584 0.469355 0.060533 0.470968 0.060533 0.472581 0.062954 0.472581 0.065375 0.474194 0.067797 0.472581 0.070218 0.464516 0.070218 0.459677 0.062954 0.459677 0.053269 0.456452 0.048426 0.454839 0.048426 0.453226 0.046005 0.451613 0.046005 0.450000 0.043584 0.437097 0.043584 0.435484 0.041162 0.427419 0.041162 0.425806 0.038741 0.425806 0.021792 0.424194 0.019370 0.419355 0.019370 0.417742 0.016949
0 0.746774 0.002421 0.746774 0.007264 0.748387 0.009685 0.748387 0.014528 0.750000 0.016949 0.750000 0.019370 0.751613 0.021792 0.751613 0.024213 0.753226 0.026634 0.753226 0.029056 0.756452 0.033898 0.759677 0.033898 0.761290 0.036320 0.769355 0.036320 0.770968 0.038741 0.774194 0.038741 0.775806 0.041162 0.777419 0.041162 0.779032 0.043584 0.782258 0.043584 0.783871 0.046005 0.785484 0.046005 0.787097 0.048426 0.790323 0.048426 0.791936 0.050847 0.793548 0.050847 0.795161 0.053269 0.798387 0.053269 0.800000 0.055690 0.800000 0.058111 0.804839 0.065375 0.803226 0.067797 0.790323 0.067797 0.788710 0.070218 0.788710 0.072639 0.787097 0.075061 0.787097 0.079903 0.785484 0.082324 0.785484 0.087167 0.790323 0.087167 0.791936 0.084746 0.791936 0.082324 0.793548 0.079903 0.795161 0.079903 0.796774 0.077482 0.804839 0.077482 0.812903 0.089588 0.812903 0.082324 0.814516 0.079903 0.817742 0.084746 0.819355 0.084746 0.820968 0.087167 0.820968 0.089588 0.824194 0.094431 0.824194 0.104116 0.825806 0.106538 0.825806 0.116223 0.827419 0.118644 0.825806 0.121065 0.824194 0.121065 0.820968 0.125908 0.819355 0.125908 0.814516 0.133172 0.812903 0.133172 0.809677 0.138015 0.808065 0.138015 0.806452 0.140436 0.800000 0.140436 0.798387 0.138015 0.793548 0.138015 0.791936 0.135593 0.787097 0.135593 0.785484 0.133172 0.777419 0.133172 0.772581 0.140436 0.770968 0.140436 0.766129 0.147700 0.764516 0.147700 0.758065 0.157385 0.751613 0.157385 0.750000 0.159806 0.743548 0.159806 0.741935 0.162228 0.735484 0.162228 0.733871 0.159806 0.733871 0.157385 0.732258 0.154964 0.732258 0.152542 0.720968 0.152542 0.719355 0.154964 0.709677 0.154964 0.708064 0.157385 0.691935 0.157385 0.690323 0.154964 0.682258 0.154964 0.682258 0.159806 0.680645 0.162228 0.680645 0.169492 0.679032 0.171913 0.667742 0.171913 0.666129 0.174334 0.656452 0.174334 0.654839 0.176755 0.645161 0.176755 0.643548 0.179177 0.598387 0.179177 0.596774 0.176755 0.582258 0.176755 0.580645 0.174334 0.567742 0.174334 0.566129 0.171913 0.551613 0.171913 0.550000 0.169492 0.535484 0.169492 0.533871 0.167070 0.529032 0.167070 0.527419 0.164649 0.522581 0.164649 0.520968 0.162228 0.514516 0.162228 0.512903 0.159806 0.508065 0.159806 0.506452 0.157385 0.500000 0.157385 0.498387 0.154964 0.493548 0.154964 0.491935 0.152542 0.487097 0.152542 0.485484 0.150121 0.479032 0.150121 0.477419 0.147700 0.472581 0.147700 0.470968 0.145278 0.464516 0.145278 0.462903 0.142857 0.456452 0.142857 0.454839 0.140436 0.448387 0.140436 0.446774 0.138015 0.440323 0.138015 0.438710 0.135593 0.432258 0.135593 0.430645 0.133172 0.424194 0.133172 0.422581 0.130751 0.416129 0.130751 0.414516 0.128329 0.408065 0.128329 0.406452 0.125908 0.382258 0.125908 0.380645 0.128329 0.366129 0.128329 0.364516 0.130751 0.350000 0.130751 0.348387 0.133172 0.341935 0.133172 0.340323 0.135593 0.335484 0.135593 0.333871 0.138015 0.329032 0.138015 0.327419 0.140436 0.319355 0.140436 0.317742 0.138015 0.316129 0.138015 0.314516 0.135593 0.312903 0.135593 0.311290 0.133172 0.309677 0.133172 0.308065 0.130751 0.306452 0.130751 0.304839 0.128329 0.303226 0.128329 0.301613 0.125908 0.300000 0.125908 0.298387 0.123487 0.296774 0.123487 0.295161 0.121065 0.282258 0.121065 0.282258 0.157385 0.283871 0.159806 0.282258 0.162228 0.277419 0.162228 0.275806 0.164649 0.270968 0.164649 0.269355 0.167070 0.266129 0.167070 0.264516 0.169492 0.259677 0.169492 0.258065 0.171913 0.254839 0.171913 0.253226 0.169492 0.253226 0.167070 0.248387 0.159806 0.248387 0.152542 0.246774 0.150121 0.246774 0.140436 0.241935 0.133172 0.243548 0.130751 0.243548 0.118644 0.241935 0.116223 0.237097 0.116223 0.237097 0.118644 0.238710 0.118644 0.241935 0.123487 0.240323 0.125908 0.240323 0.130751 0.238710 0.133172 0.232258 0.133172 0.241935 0.147700 0.241935 0.150121 0.248387 0.159806 0.246774 0.162228 0.246774 0.167070 0.248387 0.169492 0.251613 0.169492 0.253226 0.171913 0.251613 0.174334 0.248387 0.174334 0.246774 0.176755 0.229032 0.176755 0.227419 0.179177 0.209677 0.179177 0.208065 0.181598 0.191935 0.181598 0.190323 0.184019 0.187097 0.184019 0.185484 0.186441 0.183871 0.186441 0.182258 0.188862 0.180645 0.188862 0.179032 0.191283 0.175806 0.191283 0.174194 0.193705 0.172581 0.193705 0.170968 0.196126 0.169355 0.196126 0.167742 0.198547 0.164516 0.198547 0.162903 0.200969 0.161290 0.200969 0.159677 0.203390 0.158065 0.203390 0.156452 0.205811 0.156452 0.215496 0.154839 0.217918 0.154839 0.227603 0.153226 0.230024 0.153226 0.251816 0.154839 0.254237 0.154839 0.261501 0.156452 0.263923 0.156452 0.271186 0.158065 0.273608 0.158065 0.280872 0.159677 0.283293 0.159677 0.290557 0.158065 0.292978 0.119355 0.292978 0.117742 0.290557 0.114516 0.290557 0.112903 0.288136 0.108065 0.288136 0.106452 0.285714 0.103226 0.285714 0.101613 0.283293 0.096774 0.283293 0.095161 0.280872 0.090323 0.280872 0.088710 0.278450 0.085484 0.278450 0.083871 0.276029 0.079032 0.276029 0.077419 0.273608 0.072581 0.273608 0.070968 0.271186 0.072581 0.268765 0.103226 0.268765 0.101613 0.266344 0.100000 0.266344 0.098387 0.263923 0.096774 0.263923 0.095161 0.261501 0.093548 0.261501 0.091935 0.259080 0.090323 0.259080 0.088710 0.256659 0.087097 0.256659 0.085484 0.254237 0.083871 0.254237 0.082258 0.251816 0.080645 0.251816 0.079032 0.249395 0.079032 0.244552 0.077419 0.242131 0.077419 0.239709 0.075806 0.237288 0.075806 0.234867 0.074194 0.232446 0.072581 0.232446 0.070968 0.230024 0.069355 0.230024 0.067742 0.227603 0.066129 0.227603 0.064516 0.225182 0.053226 0.225182 0.051613 0.227603 0.045161 0.227603 0.043548 0.230024 0.037097 0.230024 0.035484 0.232446 0.029032 0.232446 0.027419 0.234867 0.025806 0.234867 0.024194 0.237288 0.022581 0.237288 0.020968 0.239709 0.019355 0.239709 0.017742 0.242131 0.016129 0.242131 0.012903 0.246973 0.011290 0.246973 0.009677 0.249395 0.008065 0.249395 0.006452 0.251816 0.004839 0.251816 0.003226 0.254237 0.001613 0.254237 0.000000 0.256659 0.000000 0.384988 0.001613 0.382567 0.004839 0.382567 0.006452 0.380145 0.011290 0.380145 0.012903 0.377724 0.017742 0.377724 0.019355 0.375303 0.024194 0.375303 0.025806 0.372881 0.029032 0.372881 0.030645 0.370460 0.035484 0.370460 0.037097 0.368039 0.041935 0.368039 0.043548 0.365617 0.048387 0.365617 0.050000 0.363196 0.054839 0.363196 0.056452 0.365617 0.058065 0.365617 0.059677 0.368039 0.061290 0.368039 0.062903 0.370460 0.064516 0.370460 0.066129 0.372881 0.067742 0.372881 0.069355 0.375303 0.070968 0.375303 0.072581 0.377724 0.074194 0.377724 0.075806 0.380145 0.077419 0.380145 0.079032 0.382567 0.080645 0.382567 0.082258 0.384988 0.083871 0.384988 0.085484 0.387409 0.087097 0.387409 0.088710 0.389830 0.090323 0.387409 0.095161 0.387409 0.096774 0.384988 0.103226 0.384988 0.104839 0.382567 0.129032 0.382567 0.130645 0.384988 0.133871 0.384988 0.135484 0.387409 0.140323 0.387409 0.141935 0.389830 0.141935 0.392252 0.143548 0.394673 0.143548 0.397094 0.145161 0.399516 0.145161 0.401937 0.146774 0.404358 0.146774 0.406780 0.148387 0.409201 0.148387 0.411622 0.150000 0.414044 0.150000 0.416465 0.153226 0.421308 0.153226 0.423729 0.158065 0.430993 0.158065 0.433414 0.162903 0.440678 0.162903 0.443099 0.169355 0.452785 0.172581 0.452785 0.174194 0.455206 0.177419 0.455206 0.179032 0.457627 0.182258 0.457627 0.183871 0.460048 0.187097 0.460048 0.188710 0.462470 0.191935 0.462470 0.193548 0.464891 0.196774 0.464891 0.198387 0.467312 0.203226 0.467312 0.204839 0.469734 0.203226 0.472155 0.201613 0.472155 0.185484 0.496368 0.185484 0.498789 0.180645 0.506053 0.180645 0.508475 0.175806 0.515738 0.175806 0.518160 0.174194 0.520581 0.174194 0.547216 0.175806 0.549637 0.177419 0.549637 0.179032 0.552058 0.180645 0.552058 0.182258 0.554479 0.183871 0.554479 0.185484 0.556901 0.187097 0.556901 0.188710 0.559322 0.190323 0.559322 0.191935 0.561743 0.193548 0.561743 0.195161 0.564165 0.196774 0.564165 0.198387 0.566586 0.200000 0.566586 0.201613 0.569007 0.203226 0.569007 0.204839 0.571429 0.206452 0.571429 0.208065 0.573850 0.208065 0.576271 0.211290 0.581114 0.211290 0.583535 0.214516 0.588378 0.214516 0.590799 0.217742 0.595642 0.217742 0.598063 0.220968 0.602906 0.219355 0.605327 0.219355 0.607748 0.217742 0.610169 0.217742 0.612591 0.216129 0.615012 0.216129 0.619855 0.214516 0.622276 0.214516 0.624697 0.212903 0.627119 0.212903 0.629540 0.211290 0.631961 0.211290 0.636804 0.195161 0.661017 0.193548 0.661017 0.191935 0.658596 0.191935 0.656174 0.188710 0.651332 0.188710 0.648910 0.185484 0.644068 0.182258 0.644068 0.180645 0.641647 0.177419 0.641647 0.175806 0.639225 0.172581 0.639225 0.170968 0.636804 0.166129 0.636804 0.164516 0.634383 0.161290 0.634383 0.159677 0.631961 0.156452 0.631961 0.154839 0.629540 0.150000 0.629540 0.148387 0.627119 0.145161 0.627119 0.143548 0.624697 0.140323 0.624697 0.138710 0.622276 0.133871 0.622276 0.132258 0.619855 0.129032 0.619855 0.127419 0.617433 0.124194 0.617433 0.122581 0.615012 0.117742 0.615012 0.114516 0.610169 0.112903 0.610169 0.111290 0.607748 0.109677 0.607748 0.108065 0.605327 0.106452 0.605327 0.104839 0.602906 0.103226 0.602906 0.101613 0.600484 0.100000 0.600484 0.095161 0.593220 0.093548 0.593220 0.090323 0.588378 0.088710 0.588378 0.085484 0.583535 0.083871 0.583535 0.080645 0.578692 0.079032 0.578692 0.075806 0.573850 0.074194 0.573850 0.070968 0.569007 0.069355 0.569007 0.066129 0.564165 0.064516 0.564165 0.061290 0.559322 0.059677 0.559322 0.056452 0.554479 0.054839 0.554479 0.051613 0.549637 0.050000 0.549637 0.046774 0.544794 0.045161 0.544794 0.041935 0.539952 0.040323 0.539952 0.037097 0.535109 0.035484 0.535109 0.033871 0.532688 0.032258 0.532688 0.030645 0.530266 0.029032 0.530266 0.025806 0.525424 0.024194 0.525424 0.022581 0.523002 0.020968 0.523002 0.019355 0.520581 0.017742 0.520581 0.016129 0.518160 0.014516 0.518160 0.011290 0.513317 0.009677 0.513317 0.008065 0.510896 0.006452 0.510896 0.004839 0.508475 0.003226 0.508475 0.001613 0.506053 0.000000 0.506053 0.000000 0.997579 0.966129 0.997579 0.966129 0.995157 0.959677 0.985472 0.959677 0.983051 0.953226 0.973366 0.953226 0.970944 0.945161 0.958838 0.945161 0.956416 0.941935 0.951574 0.941935 0.949153 0.938710 0.944310 0.938710 0.941889 0.933871 0.934625 0.933871 0.932203 0.930645 0.927361 0.930645 0.924939 0.927419 0.920097 0.927419 0.917676 0.922581 0.910412 0.922581 0.907990 0.919355 0.903148 0.919355 0.900726 0.916129 0.895884 0.916129 0.893462 0.911290 0.886199 0.911290 0.883777 0.908065 0.878935 0.908065 0.876513 0.904839 0.871671 0.904839 0.869249 0.900000 0.861985 0.900000 0.859564 0.895161 0.852300 0.895161 0.849879 0.888710 0.840194 0.888710 0.837772 0.883871 0.830508 0.883871 0.828087 0.877419 0.818402 0.877419 0.815981 0.870968 0.806295 0.870968 0.803874 0.866129 0.796610 0.866129 0.794189 0.859677 0.784504 0.859677 0.782082 0.853226 0.772397 0.853226 0.769976 0.848387 0.762712 0.848387 0.760291 0.841935 0.750605 0.841935 0.748184 0.835484 0.738499 0.835484 0.736077 0.832258 0.731235 0.832258 0.728814 0.829032 0.723971 0.829032 0.721550 0.825806 0.716707 0.825806 0.714286 0.822581 0.709443 0.822581 0.707022 0.819355 0.702179 0.819355 0.699758 0.798387 0.668281 0.796774 0.668281 0.777419 0.639225 0.775806 0.639225 0.759677 0.615012 0.758065 0.615012 0.756452 0.612591 0.756452 0.605327 0.754839 0.602906 0.754839 0.598063 0.753226 0.595642 0.753226 0.590799 0.751613 0.588378 0.751613 0.585956 0.750000 0.583535 0.750000 0.581114 0.746774 0.576271 0.746774 0.573850 0.743548 0.569007 0.743548 0.566586 0.740323 0.561743 0.740323 0.559322 0.733871 0.549637 0.732258 0.549637 0.729032 0.544794 0.727419 0.544794 0.724194 0.539952 0.722581 0.539952 0.719355 0.535109 0.717742 0.535109 0.677419 0.474576 0.675806 0.474576 0.672581 0.469734 0.670968 0.469734 0.667742 0.464891 0.666129 0.464891 0.662903 0.460048 0.661290 0.460048 0.658065 0.455206 0.656452 0.455206 0.654839 0.452785 0.653226 0.452785 0.651613 0.450363 0.650000 0.450363 0.648387 0.447942 0.645161 0.447942 0.643548 0.445521 0.640323 0.445521 0.638710 0.443099 0.635484 0.443099 0.633871 0.440678 0.630645 0.440678 0.629032 0.438257 0.630645 0.435835 0.630645 0.433414 0.632258 0.430993 0.632258 0.426150 0.633871 0.423729 0.633871 0.418886 0.635484 0.416465 0.635484 0.399516 0.637097 0.397094 0.637097 0.375303 0.635484 0.372881 0.635484 0.370460 0.633871 0.368039 0.633871 0.365617 0.630645 0.360775 0.630645 0.358354 0.629032 0.355932 0.629032 0.353511 0.627419 0.351090 0.627419 0.348668 0.624194 0.343826 0.624194 0.341404 0.622581 0.338983 0.622581 0.336562 0.624194 0.334140 0.627419 0.338983 0.629032 0.338983 0.630645 0.341404 0.632258 0.341404 0.635484 0.346247 0.637097 0.346247 0.640323 0.351090 0.641935 0.351090 0.643548 0.353511 0.643548 0.358354 0.645161 0.360775 0.645161 0.363196 0.646774 0.365617 0.646774 0.368039 0.648387 0.370460 0.648387 0.372881 0.650000 0.375303 0.650000 0.377724 0.651613 0.380145 0.651613 0.382567 0.653226 0.384988 0.653226 0.387409 0.661290 0.399516 0.662903 0.399516 0.670968 0.411622 0.672581 0.411622 0.679032 0.421308 0.680645 0.421308 0.685484 0.428571 0.687097 0.428571 0.688710 0.430993 0.688710 0.433414 0.691935 0.438257 0.691935 0.440678 0.695161 0.445521 0.695161 0.447942 0.698387 0.452785 0.700000 0.450363 0.701613 0.450363 0.703226 0.447942 0.704839 0.447942 0.708064 0.443099 0.708064 0.440678 0.709677 0.438257 0.709677 0.435835 0.712903 0.430993 0.712903 0.428571 0.714516 0.426150 0.714516 0.423729 0.716129 0.421308 0.717742 0.421308 0.720968 0.416465 0.722581 0.416465 0.725806 0.411622 0.727419 0.411622 0.730645 0.406780 0.732258 0.406780 0.735484 0.401937 0.759677 0.401937 0.761290 0.404358 0.767742 0.404358 0.769355 0.406780 0.775806 0.406780 0.777419 0.409201 0.782258 0.409201 0.783871 0.411622 0.790323 0.411622 0.791936 0.414044 0.798387 0.414044 0.800000 0.416465 0.804839 0.416465 0.806452 0.418886 0.812903 0.418886 0.814516 0.421308 0.820968 0.421308 0.822581 0.423729 0.824194 0.421308 0.833871 0.421308 0.835484 0.418886 0.846774 0.418886 0.848387 0.416465 0.851613 0.416465 0.853226 0.414044 0.856452 0.414044 0.858065 0.411622 0.861290 0.411622 0.862903 0.409201 0.866129 0.409201 0.867742 0.406780 0.870968 0.406780 0.870968 0.404358 0.869355 0.401937 0.869355 0.399516 0.867742 0.397094 0.867742 0.394673 0.866129 0.392252 0.866129 0.389830 0.864516 0.387409 0.864516 0.384988 0.862903 0.382567 0.862903 0.380145 0.859677 0.375303 0.867742 0.363196 0.879032 0.363196 0.880645 0.365617 0.893548 0.365617 0.891935 0.365617 0.890323 0.363196 0.888710 0.363196 0.887097 0.360775 0.883871 0.360775 0.880645 0.355932 0.879032 0.355932 0.877419 0.353511 0.885484 0.341404 0.891935 0.341404 0.893548 0.338983 0.920968 0.338983 0.922581 0.341404 0.933871 0.341404 0.935484 0.343826 0.937097 0.341404 0.938710 0.341404 0.940323 0.338983 0.950000 0.338983 0.951613 0.341404 0.958064 0.341404 0.959677 0.343826 0.966129 0.343826 0.967742 0.346247 0.970968 0.346247 0.972581 0.348668 0.975806 0.348668 0.977419 0.351090 0.995161 0.351090 0.996774 0.348668 0.996774 0.198547 0.996774 0.210654 0.995161 0.213075 0.995161 0.227603 0.993548 0.230024 0.990323 0.230024 0.988710 0.232446 0.985484 0.232446 0.983871 0.234867 0.980645 0.234867 0.979032 0.237288 0.977419 0.237288 0.975806 0.239709 0.959677 0.239709 0.958064 0.242131 0.941935 0.242131 0.940323 0.244552 0.932258 0.244552 0.930645 0.246973 0.922581 0.246973 0.920968 0.249395 0.908065 0.249395 0.906452 0.246973 0.901613 0.246973 0.900000 0.244552 0.896774 0.244552 0.895161 0.242131 0.890323 0.242131 0.888710 0.239709 0.856452 0.239709 0.854839 0.242131 0.850000 0.242131 0.848387 0.244552 0.843548 0.244552 0.841935 0.246973 0.837097 0.246973 0.835484 0.249395 0.816129 0.249395 0.814516 0.246973 0.769355 0.246973 0.767742 0.244552 0.766129 0.244552 0.764516 0.242131 0.762903 0.242131 0.761290 0.239709 0.759677 0.239709 0.758065 0.237288 0.756452 0.237288 0.753226 0.232446 0.751613 0.232446 0.750000 0.230024 0.748387 0.230024 0.746774 0.227603 0.745161 0.227603 0.743548 0.225182 0.741935 0.225182 0.740323 0.222760 0.741935 0.220339 0.743548 0.220339 0.746774 0.215496 0.748387 0.215496 0.751613 0.210654 0.753226 0.210654 0.756452 0.205811 0.758065 0.205811 0.762903 0.198547 0.762903 0.193705 0.764516 0.191283 0.764516 0.186441 0.766129 0.184019 0.767742 0.186441 0.769355 0.186441 0.772581 0.191283 0.774194 0.191283 0.775806 0.193705 0.808065 0.193705 0.809677 0.196126 0.811290 0.196126 0.812903 0.198547 0.814516 0.198547 0.816129 0.200969 0.817742 0.200969 0.819355 0.203390 0.820968 0.203390 0.822581 0.205811 0.824194 0.205811 0.825806 0.208232 0.827419 0.208232 0.829032 0.210654 0.830645 0.208232 0.833871 0.208232 0.835484 0.205811 0.838710 0.205811 0.840323 0.203390 0.843548 0.203390 0.845161 0.200969 0.848387 0.200969 0.850000 0.198547 0.854839 0.198547 0.856452 0.196126 0.859677 0.196126 0.861290 0.193705 0.864516 0.193705 0.866129 0.191283 0.877419 0.191283 0.879032 0.193705 0.887097 0.193705 0.888710 0.196126 0.890323 0.193705 0.893548 0.193705 0.895161 0.191283 0.898387 0.191283 0.900000 0.188862 0.903226 0.188862 0.904839 0.186441 0.908065 0.186441 0.909677 0.184019 0.914516 0.184019 0.916129 0.181598 0.919355 0.181598 0.920968 0.179177 0.924194 0.179177 0.925806 0.176755 0.929032 0.176755 0.930645 0.174334 0.969355 0.174334 0.972581 0.169492 0.972581 0.167070 0.975806 0.162228 0.975806 0.159806 0.977419 0.157385 0.977419 0.154964 0.975806 0.152542 0.974194 0.152542 0.970968 0.147700 0.969355 0.147700 0.967742 0.145278 0.966129 0.145278 0.962903 0.140436 0.961290 0.140436 0.959677 0.138015 0.958064 0.138015 0.954839 0.133172 0.953226 0.133172 0.951613 0.130751 0.950000 0.130751 0.948387 0.128329 0.945161 0.128329 0.943548 0.125908 0.940323 0.125908 0.938710 0.123487 0.935484 0.123487 0.933871 0.121065 0.930645 0.121065 0.929032 0.118644 0.924194 0.118644 0.922581 0.116223 0.919355 0.116223 0.917742 0.113801 0.914516 0.113801 0.912903 0.111380 0.909677 0.111380 0.908065 0.108959 0.904839 0.108959 0.903226 0.106538 0.898387 0.106538 0.896774 0.104116 0.882258 0.104116 0.880645 0.101695 0.854839 0.101695 0.853226 0.104116 0.846774 0.104116 0.845161 0.106538 0.840323 0.106538 0.838710 0.104116 0.841935 0.099274 0.841935 0.075061 0.840323 0.072639 0.840323 0.070218 0.837097 0.065375 0.838710 0.062954 0.843548 0.062954 0.846774 0.067797 0.846774 0.070218 0.848387 0.072639 0.848387 0.075061 0.850000 0.077482 0.851613 0.075061 0.854839 0.075061 0.856452 0.072639 0.862903 0.072639 0.864516 0.075061 0.866129 0.075061 0.867742 0.077482 0.869355 0.077482 0.870968 0.079903 0.880645 0.079903 0.882258 0.077482 0.903226 0.077482 0.904839 0.079903 0.912903 0.079903 0.914516 0.082324 0.924194 0.082324 0.925806 0.084746 0.930645 0.084746 0.932258 0.087167 0.938710 0.087167 0.940323 0.089588 0.940323 0.092010 0.945161 0.099274 0.946774 0.099274 0.948387 0.101695 0.950000 0.101695 0.951613 0.104116 0.954839 0.104116 0.956452 0.106538 0.969355 0.106538 0.969355 0.104116 0.959677 0.089588 0.958064 0.089588 0.956452 0.087167 0.954839 0.087167 0.953226 0.084746 0.951613 0.084746 0.950000 0.082324 0.946774 0.082324 0.945161 0.079903 0.943548 0.079903 0.941935 0.077482 0.940323 0.077482 0.938710 0.075061 0.935484 0.075061 0.933871 0.072639 0.935484 0.070218 0.938710 0.070218 0.940323 0.067797 0.941935 0.067797 0.943548 0.065375 0.945161 0.065375 0.945161 0.031477 0.943548 0.029056 0.943548 0.021792 0.941935 0.019370 0.941935 0.014528 0.940323 0.012107 0.938710 0.012107 0.937097 0.009685 0.935484 0.009685 0.933871 0.007264 0.930645 0.007264 0.929032 0.004843 0.869355 0.004843 0.869355 0.012107 0.867742 0.014528 0.867742 0.016949 0.866129 0.019370 0.866129 0.024213 0.864516 0.026634 0.864516 0.031477 0.862903 0.033898 0.861290 0.033898 0.856452 0.041162 0.840323 0.041162 0.838710 0.043584 0.837097 0.043584 0.835484 0.046005 0.833871 0.046005 0.830645 0.050847 0.806452 0.050847 0.804839 0.048426 0.795161 0.048426 0.791936 0.043584 0.790323 0.043584 0.788710 0.041162 0.787097 0.041162 0.785484 0.038741 0.783871 0.038741 0.782258 0.036320 0.780645 0.036320 0.779032 0.033898 0.779032 0.031477 0.777419 0.029056 0.777419 0.026634 0.775806 0.024213 0.775806 0.021792 0.774194 0.019370 0.772581 0.019370 0.770968 0.016949 0.769355 0.016949 0.767742 0.014528 0.759677 0.014528 0.758065 0.012107 0.758065 0.009685 0.756452 0.007264 0.756452 0.004843 0.754839 0.002421
0 0.362903 0.002421 0.362903 0.004843 0.364516 0.007264 0.364516 0.009685 0.366129 0.012107 0.366129 0.014528 0.367742 0.016949 0.367742 0.019370 0.369355 0.021792 0.370968 0.021792 0.372581 0.024213 0.377419 0.024213 0.379032 0.026634 0.385484 0.026634 0.382258 0.026634 0.380645 0.024213 0.377419 0.024213 0.375806 0.021792 0.372581 0.021792 0.370968 0.019370 0.370968 0.002421
0 0.196774 0.002421 0.195161 0.004843 0.195161 0.012107 0.203226 0.012107 0.206452 0.016949 0.208065 0.016949 0.209677 0.019370 0.211290 0.019370 0.217742 0.029056 0.219355 0.029056 0.220968 0.031477 0.219355 0.033898 0.219355 0.048426 0.220968 0.050847 0.222581 0.050847 0.224194 0.053269 0.225806 0.053269 0.227419 0.055690 0.229032 0.055690 0.230645 0.058111 0.232258 0.058111 0.233871 0.060533 0.235484 0.060533 0.237097 0.062954 0.237097 0.067797 0.238710 0.070218 0.238710 0.075061 0.240323 0.077482 0.240323 0.079903 0.241935 0.082324 0.241935 0.087167 0.248387 0.087167 0.248387 0.067797 0.246774 0.065375 0.245161 0.065375 0.243548 0.062954 0.241935 0.062954 0.240323 0.060533 0.238710 0.060533 0.237097 0.058111 0.235484 0.058111 0.233871 0.055690 0.232258 0.055690 0.230645 0.053269 0.229032 0.053269 0.227419 0.050847 0.227419 0.046005 0.225806 0.043584 0.225806 0.041162 0.224194 0.038741 0.225806 0.036320 0.227419 0.036320 0.229032 0.033898 0.225806 0.029056 0.224194 0.029056 0.222581 0.026634 0.220968 0.026634 0.212903 0.014528 0.214516 0.012107 0.216129 0.012107 0.217742 0.009685 0.216129 0.009685 0.214516 0.007264 0.212903 0.007264 0.211290 0.004843 0.209677 0.004843 0.208065 0.002421
0 0.143548 0.002421 0.141935 0.004843 0.141935 0.012107 0.140323 0.014528 0.140323 0.016949 0.138710 0.019370 0.125806 0.019370 0.124194 0.021792 0.114516 0.021792 0.112903 0.024213 0.109677 0.024213 0.108065 0.026634 0.095161 0.026634 0.093548 0.024213 0.093548 0.021792 0.090323 0.016949 0.090323 0.004843 0.083871 0.004843 0.080645 0.009685 0.077419 0.009685 0.077419 0.019370 0.079032 0.021792 0.079032 0.024213 0.088710 0.038741 0.088710 0.041162 0.093548 0.048426 0.096774 0.048426 0.100000 0.043584 0.104839 0.043584 0.106452 0.041162 0.111290 0.041162 0.112903 0.038741 0.117742 0.038741 0.119355 0.036320 0.124194 0.036320 0.125806 0.033898 0.129032 0.033898 0.130645 0.036320 0.130645 0.048426 0.138710 0.048426 0.138710 0.043584 0.140323 0.041162 0.140323 0.033898 0.148387 0.021792 0.148387 0.002421
